403
9565
0 1
0 4
0 2
0 59
0 39
0 195
0 185
0 118
0 26
0 234
0 169
0 193
0 168
0 63
0 220
0 191
0 181
0 109
0 196
0 262
0 302
0 57
0 203
0 190
0 223
0 218
0 80
0 36
0 274
0 91
0 130
0 305
0 13
0 184
0 272
0 321
0 197
0 224
0 104
0 199
0 205
0 252
0 383
0 51
0 31
0 372
0 173
0 176
0 354
0 82
0 355
0 11
0 55
0 208
0 7
0 331
0 157
0 287
0 347
0 22
0 93
0 29
0 144
0 155
0 187
0 395
0 172
0 350
0 389
1 2
1 3
1 26
1 28
1 111
1 118
1 141
1 168
1 245
1 191
1 251
1 184
1 199
1 86
1 15
1 131
1 143
1 39
1 159
1 347
1 331
1 258
1 13
1 54
1 10
1 214
1 323
1 59
1 60
1 142
1 242
1 172
1 113
1 115
1 87
1 80
1 381
1 95
1 177
1 373
1 197
1 174
1 171
1 375
1 57
1 355
1 362
1 260
1 47
1 337
1 181
1 207
1 281
1 340
1 287
1 280
1 271
1 146
1 370
1 102
1 272
1 299
1 4
1 374
1 351
1 262
1 41
1 209
1 32
1 385
1 293
1 364
1 369
1 291
1 383
1 78
1 183
1 397
1 221
1 68
1 284
2 21
2 29
2 85
2 36
2 59
2 49
2 47
2 143
2 34
2 35
2 190
2 130
2 31
2 76
2 184
2 12
2 172
2 158
2 13
2 9
2 52
2 354
2 319
2 266
2 113
2 202
2 373
2 124
2 376
2 19
2 315
2 22
2 363
2 73
2 377
2 171
2 292
2 256
2 88
2 291
2 340
2 233
2 332
2 28
2 42
2 231
2 369
2 364
2 104
2 293
2 222
2 331
2 16
2 10
2 316
2 318
2 43
2 71
3 27
3 70
3 82
3 6
3 111
3 25
3 140
3 119
3 155
3 20
3 115
3 65
3 127
3 154
3 185
3 5
3 91
3 235
3 83
3 71
3 265
3 177
3 290
3 199
3 247
3 96
3 308
3 284
3 31
3 116
3 41
3 351
3 328
3 301
3 262
3 363
3 364
3 158
3 299
3 197
3 74
3 48
3 104
3 368
3 123
3 243
3 369
3 313
3 373
3 215
3 81
3 190
3 169
3 387
3 37
3 193
3 32
3 291
3 138
3 374
3 380
3 324
3 15
3 4
3 85
3 242
3 124
3 109
3 182
3 383
3 181
3 222
3 148
3 275
3 259
3 176
3 398
3 359
3 340
3 172
3 59
3 302
3 56
3 331
3 201
3 52
3 344
3 356
3 194
3 292
3 87
3 80
3 99
3 110
3 143
3 34
4 5
4 139
4 72
4 112
4 68
4 10
4 92
4 184
4 97
4 193
4 36
4 102
4 143
4 96
4 29
4 119
4 85
4 162
4 59
4 34
4 35
4 75
4 159
4 31
4 290
4 67
4 26
4 83
4 82
4 247
4 48
4 256
4 141
4 51
4 252
4 50
4 286
4 216
4 208
4 117
4 19
4 189
4 129
4 362
4 287
4 219
4 101
4 288
4 379
4 27
4 202
4 87
4 260
4 164
4 55
4 357
4 268
4 324
4 11
4 47
4 49
4 333
4 192
4 203
4 294
4 387
4 366
4 218
4 163
4 350
4 223
4 201
4 200
4 360
4 179
4 375
4 134
4 100
4 198
4 105
4 330
4 299
4 113
4 380
4 293
4 344
4 115
4 125
4 368
4 43
4 91
4 172
4 20
4 386
4 367
4 32
4 46
4 191
4 285
4 214
4 80
4 110
4 346
4 95
4 291
5 152
5 173
5 86
5 171
5 174
5 172
5 176
5 177
5 83
5 68
5 175
5 90
5 211
5 60
5 52
5 218
5 203
5 209
5 89
5 160
5 91
5 16
5 10
5 274
5 231
5 265
5 105
5 205
5 295
5 100
5 87
5 95
5 206
5 25
5 70
5 157
5 141
5 122
5 302
5 187
5 142
5 262
5 184
5 336
5 80
5 276
5 334
5 292
5 290
5 31
5 235
6 7
6 27
6 82
6 111
6 10
6 61
6 98
6 123
6 24
6 127
6 214
6 152
6 23
6 144
6 86
6 109
6 19
6 131
6 186
6 141
6 107
6 190
6 11
6 231
6 229
6 256
6 45
6 52
6 294
6 295
6 219
6 239
6 308
6 197
6 284
6 81
6 76
6 299
6 243
6 102
6 315
6 247
6 326
6 260
6 273
6 124
6 342
6 218
6 366
6 332
6 170
6 333
6 116
6 293
6 313
6 351
7 48
7 35
7 147
7 149
7 150
7 34
7 25
7 287
7 159
7 10
7 91
7 13
7 8
7 83
7 299
7 45
7 268
7 95
7 138
7 214
7 194
7 88
7 216
7 208
7 156
7 240
7 347
7 331
7 168
7 179
7 131
7 269
7 307
7 327
7 104
7 215
7 136
7 218
7 123
7 313
7 195
7 317
7 369
7 360
7 364
7 372
7 294
7 68
7 20
7 270
8 9
8 12
8 11
8 13
8 10
8 14
8 15
8 16
8 17
8 36
8 27
8 20
8 35
8 34
8 55
8 57
8 48
8 60
8 72
8 73
8 82
8 76
8 74
8 81
8 77
8 104
8 91
8 112
8 194
8 199
8 211
8 217
8 237
8 243
8 242
8 231
8 31
8 71
8 184
8 286
8 125
8 285
8 141
8 291
8 289
8 301
8 52
8 274
8 262
8 239
8 131
8 264
8 108
8 305
8 321
8 324
8 70
8 331
8 323
8 30
8 99
8 235
8 157
8 147
8 347
8 180
8 311
8 43
8 149
8 173
8 51
8 26
8 334
8 179
8 282
8 260
8 24
8 232
9 18
9 10
9 17
9 12
9 13
9 16
9 11
9 14
9 20
9 15
9 26
9 31
9 27
9 60
9 28
9 34
9 69
9 35
9 71
9 76
9 81
9 74
9 77
9 104
9 72
9 133
9 198
9 195
9 199
9 91
9 194
9 123
9 24
9 193
9 220
9 227
9 231
9 247
9 248
9 244
9 126
9 251
9 252
9 253
9 59
9 65
9 255
9 272
9 83
9 284
9 184
9 285
9 287
9 274
9 301
9 265
9 224
9 239
9 342
9 281
9 338
9 38
9 365
9 99
9 223
9 319
9 379
9 313
9 328
9 240
9 90
9 380
10 11
10 12
10 13
10 16
10 15
10 14
10 17
10 20
10 58
10 60
10 72
10 77
10 81
10 112
10 68
10 134
10 133
10 91
10 195
10 152
10 209
10 198
10 211
10 212
10 220
10 221
10 71
10 233
10 235
10 231
10 247
10 244
10 248
10 251
10 252
10 126
10 253
10 143
10 184
10 52
10 260
10 285
10 45
10 278
10 279
10 274
10 25
10 305
10 26
10 163
10 165
10 51
10 96
10 323
10 331
10 131
10 216
10 208
10 214
10 118
10 59
10 161
10 142
10 242
10 83
10 372
10 259
10 386
10 334
10 191
10 385
10 292
10 82
10 190
10 310
10 70
10 290
11 12
11 13
11 14
11 16
11 15
11 19
11 20
11 27
11 26
11 77
11 76
11 72
11 74
11 81
11 91
11 199
11 134
11 198
11 209
11 152
11 221
11 231
11 243
11 71
11 286
11 285
11 42
11 305
11 326
11 274
11 75
11 239
11 87
11 80
11 295
11 294
11 316
11 324
11 308
11 54
11 373
11 315
11 290
11 173
11 55
11 52
11 108
11 131
11 360
11 59
11 332
11 328
11 180
11 40
11 78
11 84
11 172
12 13
12 15
12 14
12 17
12 16
12 24
12 20
12 27
12 26
12 60
12 28
12 75
12 73
12 35
12 70
12 72
12 77
12 74
12 81
12 76
12 82
12 150
12 199
12 194
12 134
12 47
12 220
12 223
12 192
12 238
12 140
12 247
12 244
12 126
12 91
12 251
12 42
12 255
12 243
12 253
12 210
12 59
12 270
12 83
12 71
12 278
12 331
12 274
12 231
12 337
12 34
12 323
12 157
12 235
12 347
12 327
12 43
12 242
12 308
12 232
12 398
12 399
13 15
13 14
13 17
13 16
13 24
13 27
13 20
13 65
13 66
13 81
13 74
13 104
13 76
13 72
13 77
13 41
13 164
13 212
13 105
13 156
13 91
13 242
13 243
13 83
13 194
13 287
13 285
13 141
13 129
13 301
13 71
13 231
13 262
13 305
13 97
13 239
13 116
13 320
13 323
13 96
13 274
13 328
13 180
13 331
13 292
13 353
13 235
13 366
13 157
13 162
13 118
13 197
13 307
13 60
13 399
13 289
13 260
13 219
13 380
13 325
13 362
13 332
13 26
13 275
13 259
13 312
13 251
13 22
13 63
13 134
13 340
13 124
13 85
13 222
13 168
13 282
13 272
13 281
13 280
13 179
13 232
13 217
13 211
13 286
13 199
13 310
13 196
13 70
14 15
14 16
14 17
14 20
14 26
14 199
14 91
14 244
14 285
14 25
14 305
14 71
14 262
14 323
14 180
14 331
14 347
14 142
14 260
14 308
14 83
14 399
14 133
14 340
14 333
14 332
14 344
14 99
14 110
14 34
14 380
15 16
15 17
15 20
15 26
15 112
15 134
15 133
15 181
15 104
15 180
15 76
15 140
15 141
15 259
15 67
15 232
15 87
15 80
15 96
15 361
15 157
15 91
15 152
15 355
15 159
15 343
15 100
15 345
15 250
15 105
15 334
15 372
15 360
15 318
16 17
16 20
16 27
16 23
16 77
16 112
16 72
16 180
16 133
16 134
16 91
16 198
16 197
16 196
16 195
16 193
16 212
16 224
16 235
16 240
16 140
16 126
16 244
16 251
16 247
16 231
16 229
16 26
16 285
16 149
16 286
16 279
16 278
16 274
16 25
16 305
16 312
16 227
16 323
16 331
16 34
16 301
16 342
16 190
16 187
16 43
16 260
16 83
16 242
16 60
16 372
16 47
16 386
16 341
16 363
16 52
16 191
16 340
16 282
16 99
16 179
16 232
16 217
16 211
17 20
17 197
17 205
17 211
17 243
17 253
17 71
17 274
17 231
17 305
17 331
17 180
17 334
17 336
17 91
18 105
18 79
18 132
18 158
18 156
18 188
18 91
18 107
18 55
18 98
18 38
18 106
18 167
18 67
18 135
18 161
18 19
18 323
18 305
18 75
18 60
18 86
18 334
18 81
18 355
18 207
18 380
19 128
19 133
19 127
19 68
19 113
19 199
19 70
19 214
19 130
19 109
19 131
19 108
19 101
19 186
19 48
19 47
19 49
19 29
19 257
19 189
19 185
19 57
19 288
19 30
19 40
19 41
19 262
19 207
19 52
19 166
19 292
19 129
19 112
19 362
19 202
19 172
19 258
19 308
19 315
19 74
19 31
19 190
19 334
19 51
19 178
19 355
19 388
19 168
19 104
19 363
19 187
19 184
19 183
19 192
19 379
19 256
19 234
19 286
19 301
19 20
20 28
20 26
20 31
20 27
20 23
20 34
20 58
20 61
20 59
20 62
20 41
20 71
20 96
20 98
20 99
20 101
20 102
20 103
20 75
20 110
20 138
20 68
20 163
20 165
20 139
20 97
20 185
20 186
20 133
20 190
20 191
20 195
20 196
20 194
20 35
20 198
20 197
20 91
20 193
20 211
20 212
20 47
20 217
20 221
20 220
20 209
20 224
20 227
20 228
20 188
20 189
20 231
20 233
20 234
20 235
20 242
20 243
20 244
20 126
20 249
20 251
20 247
20 252
20 253
20 255
20 254
20 260
20 216
20 261
20 236
20 88
20 273
20 274
20 199
20 80
20 285
20 90
20 294
20 295
20 239
20 276
20 135
20 327
20 329
20 331
20 328
20 222
20 334
20 337
20 67
20 339
20 265
20 343
20 344
20 345
20 347
20 348
20 351
20 354
20 357
20 364
20 371
20 369
20 375
20 376
20 377
20 379
20 381
20 340
20 385
20 389
20 380
20 390
20 395
20 396
20 105
20 208
20 214
20 346
20 335
20 399
20 55
20 289
20 141
20 104
20 38
20 323
20 93
20 290
20 132
20 86
20 293
20 134
20 402
20 116
20 131
20 270
20 241
20 122
20 121
20 262
20 166
20 85
20 374
20 168
20 370
20 258
20 223
20 218
20 148
20 95
20 87
20 219
20 269
20 372
21 25
21 26
21 46
21 28
21 81
21 144
21 148
21 61
21 129
21 98
21 197
21 168
21 276
21 234
21 284
21 239
21 38
21 355
21 243
21 30
21 329
21 222
21 63
21 344
21 183
21 170
21 31
21 199
21 244
21 202
21 269
21 99
21 97
21 184
21 193
21 345
21 334
21 247
22 23
22 54
22 129
22 115
22 74
22 124
22 84
22 31
22 81
22 47
22 184
22 58
22 197
22 61
22 126
22 163
22 131
22 188
22 209
22 191
22 55
22 207
22 27
22 144
22 195
22 26
22 300
22 172
22 113
22 38
22 223
22 102
22 87
22 368
22 232
22 320
22 117
22 324
22 175
22 135
22 315
22 75
22 181
22 258
22 281
22 192
22 276
22 88
22 349
22 289
22 364
22 345
22 79
22 389
22 257
22 383
22 295
22 352
22 328
22 330
22 196
22 215
22 141
22 262
22 357
22 331
22 91
22 267
22 323
22 212
22 63
22 76
23 27
23 54
23 55
23 96
23 120
23 129
23 116
23 113
23 163
23 209
23 190
23 140
23 151
23 115
23 100
23 328
23 330
23 141
23 215
23 197
23 172
23 267
23 91
23 63
23 212
24 117
24 89
24 70
24 193
24 271
24 289
24 299
24 100
24 223
24 218
24 114
24 320
24 175
24 143
24 349
24 340
24 125
24 81
24 62
24 104
24 99
24 201
24 376
24 356
24 332
24 372
24 360
24 350
24 348
24 102
24 42
24 195
24 249
24 250
24 176
24 381
24 187
24 101
24 199
24 115
24 268
24 293
24 313
24 180
24 145
24 48
24 334
24 336
24 309
24 375
24 228
24 32
24 276
24 191
24 108
24 91
24 291
25 131
25 126
25 74
25 34
25 197
25 149
25 35
25 150
25 196
25 147
25 48
25 191
25 189
25 61
25 184
25 30
25 193
25 261
25 216
25 222
25 138
25 91
25 129
25 274
25 71
25 118
25 96
25 207
25 320
25 292
25 171
25 260
25 89
25 159
25 307
25 76
25 315
25 65
25 172
25 113
25 117
25 240
25 104
25 175
25 341
25 360
25 355
25 337
25 73
25 31
25 67
25 372
25 181
25 259
25 86
25 369
25 123
25 368
25 245
25 46
25 109
25 101
25 242
25 78
25 322
25 57
25 70
26 28
26 30
26 97
26 58
26 184
26 199
26 122
26 197
26 89
26 46
26 148
26 126
26 103
26 118
26 251
26 42
26 210
26 59
26 252
26 86
26 71
26 176
26 202
26 104
26 190
26 93
26 90
26 91
26 305
26 311
26 262
26 310
26 274
26 112
26 36
26 313
26 308
26 253
26 39
26 29
26 266
26 117
26 294
26 307
26 316
26 108
26 111
26 135
26 115
26 44
26 144
26 55
26 73
26 88
26 187
26 214
26 211
26 215
26 137
26 136
26 76
26 236
26 192
26 326
26 68
26 203
26 48
26 369
26 395
26 45
26 31
26 169
26 34
26 35
26 372
26 380
26 85
26 172
26 51
26 232
26 323
26 287
26 82
26 87
26 193
26 50
26 277
26 355
26 213
27 38
27 55
27 118
27 82
27 131
27 107
27 121
27 181
27 74
27 194
27 152
27 134
27 190
27 98
27 112
27 46
27 168
27 127
27 45
27 81
27 218
27 104
27 186
27 144
27 215
27 247
27 299
27 234
27 80
27 87
27 277
27 284
27 105
27 222
27 113
27 73
27 372
27 381
27 96
27 59
27 251
27 199
27 395
27 93
27 115
27 135
27 323
27 101
27 291
27 363
27 292
27 272
27 276
27 393
27 184
27 345
27 154
27 348
27 356
27 201
27 141
27 334
27 344
27 54
28 40
28 43
28 42
28 59
28 61
28 29
28 83
28 85
28 94
28 86
28 126
28 186
28 65
28 82
28 58
28 243
28 152
28 45
28 241
28 50
28 320
28 110
28 138
28 75
28 108
28 299
28 55
28 71
28 305
28 39
28 118
28 191
28 93
28 380
28 308
28 395
28 396
28 340
28 377
28 343
28 102
28 33
28 333
28 332
28 271
28 348
28 342
28 319
28 95
28 32
28 87
28 101
28 379
28 334
28 48
28 336
28 242
28 215
28 400
28 135
28 60
28 349
28 363
28 154
28 115
28 207
28 34
28 168
28 99
28 370
28 109
28 244
28 195
28 389
29 54
29 43
29 67
29 99
29 119
29 185
29 195
29 257
29 157
29 39
29 146
29 192
29 51
29 178
29 30
29 210
29 117
29 184
29 238
29 299
29 179
29 281
29 247
29 45
29 354
29 188
29 372
29 327
29 258
29 174
29 203
29 340
29 395
29 305
29 355
29 113
29 202
29 31
29 183
29 170
29 100
29 96
29 32
29 256
29 215
29 205
29 307
29 351
29 61
29 291
29 199
29 190
29 266
29 268
29 78
29 269
29 265
29 124
29 214
29 243
29 201
29 359
29 302
29 293
30 35
30 34
30 68
30 120
30 187
30 183
30 143
30 95
30 169
30 184
30 89
30 211
30 217
30 190
30 61
30 189
30 185
30 98
30 104
30 79
30 195
30 113
30 192
30 178
30 39
30 210
30 266
30 82
30 80
30 75
30 138
30 291
30 87
30 147
30 149
30 70
30 238
30 272
30 231
30 199
30 163
30 202
30 102
30 286
30 146
30 294
30 109
30 108
30 100
30 172
30 31
30 69
30 91
30 71
31 68
31 129
31 61
31 59
31 103
31 97
31 201
31 197
31 192
31 190
31 191
31 121
31 155
31 188
31 91
31 35
31 259
31 184
31 71
31 34
31 272
31 255
31 199
31 38
31 270
31 141
31 60
31 99
31 287
31 70
31 111
31 116
31 296
31 152
31 307
31 159
31 161
31 51
31 252
31 39
31 49
31 313
31 203
31 395
31 157
31 58
31 45
31 218
31 223
31 233
31 356
31 376
31 326
31 205
31 170
31 134
31 239
31 306
31 215
31 37
31 80
31 95
31 193
31 338
31 398
31 123
31 240
31 162
31 332
31 244
31 78
31 357
31 36
31 353
31 169
31 168
31 374
31 67
31 177
32 33
32 37
32 293
32 234
32 251
32 118
32 104
32 289
32 316
32 185
32 328
32 162
32 385
32 247
32 303
32 284
32 380
32 123
32 352
32 99
32 351
32 164
32 142
32 366
32 95
32 253
32 87
32 360
32 115
32 374
32 401
32 372
32 291
32 110
32 375
32 355
32 85
32 61
32 371
32 96
32 100
32 109
32 108
32 190
32 163
32 168
32 342
32 55
32 333
32 187
32 117
32 389
32 70
32 334
32 344
32 34
33 51
33 293
33 289
33 301
33 80
33 95
33 87
33 303
33 300
33 115
33 401
33 360
33 61
33 371
33 96
33 108
33 168
33 117
33 70
33 34
33 246
34 35
34 43
34 69
34 72
34 73
34 71
34 75
34 70
34 99
34 68
34 126
34 147
34 149
34 150
34 115
34 59
34 181
34 46
34 190
34 93
34 224
34 210
34 184
34 276
34 141
34 45
34 288
34 287
34 209
34 326
34 201
34 145
34 242
34 373
34 247
34 162
34 348
34 355
34 138
34 299
34 91
34 82
34 291
34 219
34 38
34 110
34 128
34 401
34 42
34 259
34 400
34 85
34 294
34 96
34 61
34 67
34 95
34 277
34 160
34 340
34 284
34 350
34 334
34 336
35 59
35 71
35 70
35 73
35 72
35 76
35 75
35 67
35 68
35 149
35 147
35 150
35 108
35 164
35 206
35 140
35 181
35 46
35 190
35 93
35 211
35 224
35 210
35 109
35 99
35 276
35 95
35 110
35 45
35 162
35 288
35 287
35 338
35 197
35 362
35 326
35 61
35 192
35 201
35 204
35 242
35 325
35 387
35 247
35 283
35 104
35 348
35 334
35 294
35 291
35 281
35 280
35 91
35 87
35 360
35 344
35 80
35 302
35 222
35 126
35 342
35 191
35 355
35 138
35 366
35 350
35 184
35 193
35 400
35 380
36 51
36 68
36 59
36 103
36 74
36 111
36 185
36 149
36 147
36 202
36 191
36 192
36 203
36 57
36 190
36 193
36 113
36 215
36 289
36 116
36 395
36 172
36 125
36 286
36 285
36 187
36 248
36 353
36 200
36 387
37 74
37 98
37 165
37 102
37 80
37 87
37 115
37 88
37 121
37 54
37 244
37 138
37 75
37 48
37 124
37 60
37 111
37 398
37 196
37 243
37 125
37 70
37 214
37 194
38 39
38 98
38 41
38 214
38 151
38 105
38 156
38 189
38 65
38 258
38 104
38 79
38 107
38 106
38 259
38 271
38 99
38 154
38 216
38 261
38 159
38 87
38 57
38 129
38 278
38 291
38 186
38 192
38 299
38 253
38 124
38 157
38 86
38 204
38 145
38 206
38 144
38 251
38 320
38 165
38 211
38 243
38 341
38 113
38 241
38 175
38 218
38 223
38 220
38 244
38 363
38 354
38 348
38 135
38 44
38 274
38 249
38 292
38 371
38 379
38 377
38 387
38 384
38 236
38 288
38 364
38 324
38 137
38 365
38 247
38 136
38 119
38 375
38 401
38 287
38 58
38 71
39 131
39 195
39 220
39 108
39 259
39 199
39 146
39 192
39 178
39 119
39 152
39 82
39 99
39 81
39 111
39 113
39 154
39 123
39 89
39 387
39 247
39 104
39 57
39 399
39 276
39 371
39 180
39 349
39 179
39 210
40 41
40 124
40 82
40 190
40 203
40 262
40 260
40 206
40 290
40 81
40 307
40 207
40 104
40 199
40 168
40 172
40 54
40 159
40 372
40 360
40 252
40 91
40 163
40 123
40 287
40 223
40 100
40 78
40 326
40 316
40 271
40 156
40 90
41 54
41 55
41 115
41 98
41 155
41 127
41 131
41 262
41 260
41 104
41 301
41 351
41 247
41 316
41 52
41 253
41 82
41 202
41 184
41 180
41 270
41 324
41 124
42 43
42 45
42 59
42 126
42 186
42 65
42 82
42 71
42 237
42 87
42 50
42 267
42 320
42 110
42 75
42 108
42 299
42 55
42 305
42 91
42 180
42 308
42 357
42 395
42 105
42 191
42 205
42 176
42 61
42 293
42 123
42 356
42 348
42 398
42 199
42 364
42 369
42 142
42 324
42 319
42 242
42 329
42 127
42 367
42 284
42 236
43 44
43 59
43 223
43 81
43 110
43 274
43 210
43 315
43 116
43 323
43 327
43 331
43 242
43 308
43 243
43 91
43 192
43 164
43 139
43 377
43 113
43 86
43 125
43 85
43 135
43 206
43 369
43 259
43 286
43 236
43 71
44 135
44 136
44 271
44 152
44 232
44 94
44 343
44 319
44 274
44 369
44 137
45 46
45 50
45 51
45 93
45 152
45 291
45 71
45 85
45 285
45 286
45 210
45 262
45 296
45 75
45 193
45 141
45 241
45 146
45 183
45 57
45 316
45 58
45 113
45 245
45 301
45 387
45 299
45 172
45 205
45 123
45 313
45 308
45 202
45 78
45 369
45 240
45 364
45 162
45 317
45 215
45 67
46 197
46 126
46 165
46 88
46 80
46 190
46 149
46 109
46 99
46 71
46 184
46 59
46 222
46 199
46 357
46 274
46 291
46 52
46 101
46 202
46 113
46 192
46 55
46 379
46 123
46 319
46 226
46 108
46 259
46 187
46 243
46 214
46 323
46 68
46 115
46 91
46 193
46 191
46 61
46 399
46 152
46 269
46 100
46 334
46 70
47 48
47 49
47 55
47 57
47 127
47 198
47 197
47 60
47 79
47 52
47 281
47 251
47 336
47 96
47 116
47 357
47 126
47 104
47 70
47 184
47 286
47 56
47 292
47 202
47 123
47 366
47 58
48 49
48 57
48 60
48 103
48 127
48 79
48 196
48 115
48 116
48 158
48 203
48 239
48 122
48 288
48 281
48 96
48 294
48 267
48 74
48 59
48 153
48 243
48 275
48 369
48 364
48 125
48 371
48 247
48 135
48 105
48 141
48 56
48 292
48 259
48 145
48 313
48 334
48 180
48 336
48 85
48 204
48 238
48 134
48 352
48 65
48 176
48 372
48 131
48 360
48 168
48 86
48 199
48 104
48 123
48 184
48 400
48 356
48 124
48 341
48 365
48 138
48 337
48 349
48 375
48 291
48 102
48 246
49 57
49 181
49 60
49 203
49 109
49 186
49 131
49 108
49 56
49 281
49 251
49 336
49 96
49 255
49 184
49 264
49 294
49 104
49 383
49 247
49 374
49 363
49 70
49 116
49 360
49 218
49 193
49 58
50 51
50 152
50 291
50 71
50 85
50 262
50 400
50 331
51 191
51 93
51 252
51 192
51 195
51 146
51 190
51 85
51 138
51 199
51 187
51 169
51 111
51 55
51 163
51 144
51 60
51 184
51 124
51 61
51 54
51 68
51 210
51 323
51 82
51 331
51 266
51 70
51 98
51 218
51 223
51 322
51 371
51 373
51 117
51 193
51 289
51 275
51 57
51 211
51 239
52 53
52 60
52 127
52 74
52 126
52 181
52 124
52 120
52 197
52 148
52 79
52 105
52 83
52 86
52 122
52 246
52 141
52 80
52 161
52 85
52 302
52 239
52 299
52 234
52 131
52 108
52 187
52 307
52 284
52 278
52 227
52 310
52 309
52 55
52 316
52 281
52 186
52 222
52 63
52 54
52 340
52 321
52 56
52 185
52 355
52 157
52 327
52 388
52 82
52 338
52 96
52 273
52 254
52 232
52 363
52 95
52 101
52 135
52 193
52 262
52 372
52 68
52 259
52 291
52 104
52 314
52 292
52 223
52 332
52 333
52 154
52 324
52 359
52 264
52 293
52 162
52 140
52 349
52 257
52 218
52 65
52 243
52 130
52 201
52 191
52 290
52 89
52 91
52 87
52 268
52 366
52 209
52 198
52 113
52 70
52 317
53 60
54 55
54 74
54 206
54 76
54 197
54 135
54 148
54 186
54 127
54 188
54 126
54 141
54 239
54 71
54 257
54 258
54 98
54 192
54 266
54 195
54 264
54 61
54 280
54 295
54 354
54 292
54 216
54 145
54 205
54 308
54 326
54 320
54 172
54 241
54 202
54 115
54 222
54 183
54 169
54 85
54 398
54 307
54 104
54 366
54 304
54 91
54 105
54 82
54 331
54 380
55 56
55 130
55 115
55 165
55 59
55 129
55 113
55 167
55 140
55 192
55 141
55 181
55 105
55 232
55 211
55 202
55 243
55 205
55 152
55 209
55 265
55 300
55 138
55 305
55 291
55 104
55 163
55 144
55 199
55 362
55 162
55 219
55 307
55 358
55 324
55 315
55 242
55 197
55 372
55 360
55 124
55 159
55 338
55 206
55 157
55 308
55 247
55 355
55 318
55 337
55 173
55 97
55 332
55 345
55 375
55 343
55 86
55 118
55 393
55 266
55 78
55 268
55 169
55 341
55 342
55 293
55 224
55 123
55 160
56 119
56 126
56 132
56 112
56 121
56 201
56 76
56 162
56 199
56 193
56 234
56 190
56 195
56 218
56 276
56 239
56 227
56 274
56 271
56 102
56 223
56 80
56 320
56 207
56 302
56 321
56 214
56 347
56 159
56 318
56 152
56 191
56 372
56 374
56 322
56 375
56 104
56 245
56 138
56 233
56 123
56 60
56 243
56 317
56 222
56 304
56 272
56 114
56 124
56 169
56 172
56 340
56 365
56 262
56 189
56 120
56 65
56 327
56 402
56 58
57 60
57 113
57 95
57 232
57 130
57 98
57 186
57 191
57 115
57 286
57 118
57 203
57 190
57 218
57 187
57 161
57 251
57 241
57 84
57 355
57 261
57 82
57 222
57 269
57 255
57 124
57 108
57 70
57 59
57 331
57 91
57 169
57 85
57 172
57 109
57 399
57 367
57 159
57 197
57 63
57 80
57 291
57 138
57 243
57 366
57 388
57 322
57 369
57 268
57 90
58 184
58 106
58 214
58 71
58 215
58 197
58 89
58 126
58 97
58 59
58 257
58 177
58 172
58 289
58 82
58 127
58 135
58 90
58 79
58 307
58 308
58 309
58 313
58 270
58 317
58 161
58 294
58 340
58 380
58 335
58 68
58 83
58 112
58 295
58 98
58 239
58 189
58 327
58 402
58 65
58 244
58 176
58 168
58 370
58 91
58 117
58 355
58 372
59 61
59 60
59 135
59 96
59 112
59 80
59 74
59 103
59 143
59 88
59 108
59 211
59 210
59 193
59 197
59 252
59 126
59 91
59 65
59 231
59 71
59 162
59 183
59 286
59 86
59 323
59 141
59 175
59 214
59 328
59 208
59 131
59 318
59 264
59 350
59 366
59 152
59 148
59 241
59 357
59 240
59 313
59 95
59 220
59 262
59 363
59 116
59 276
59 199
59 111
59 247
59 365
59 258
59 386
59 274
59 184
59 85
59 243
59 123
59 369
59 154
59 158
59 114
59 190
59 168
59 371
59 304
59 202
59 70
59 260
59 177
60 80
60 104
60 165
60 163
60 83
60 262
60 82
60 172
60 98
60 199
60 141
60 85
60 197
60 316
60 204
60 222
60 207
60 81
60 143
60 324
60 118
60 159
60 174
60 357
60 202
60 102
60 113
60 138
60 156
60 109
60 206
60 375
60 300
60 157
60 65
60 337
60 388
60 369
60 363
60 291
60 193
60 350
60 68
60 162
60 344
60 96
60 87
60 115
60 299
60 359
60 302
60 332
60 400
60 326
60 366
60 349
60 218
60 223
60 386
60 348
60 201
60 241
60 259
60 239
60 214
60 203
60 340
60 284
60 136
60 290
61 80
61 104
61 68
61 113
61 195
61 184
61 89
61 124
61 143
61 186
61 159
61 200
61 95
61 87
61 291
61 138
61 207
61 218
61 235
61 308
61 318
61 253
61 258
61 357
61 188
61 355
61 325
61 315
61 171
61 201
61 362
61 386
61 301
61 244
61 141
61 290
61 284
61 398
61 71
61 116
61 356
61 348
61 319
61 249
61 250
61 400
61 340
61 247
61 275
61 259
61 324
61 374
61 85
61 203
61 395
61 135
61 328
61 337
61 294
61 277
61 219
61 223
62 70
62 82
62 153
62 129
62 102
62 221
62 349
62 271
62 345
62 142
62 105
62 76
62 253
62 250
62 393
62 115
62 81
62 197
62 215
62 148
62 376
62 362
63 64
63 168
63 210
63 184
63 196
63 80
63 96
63 313
63 363
63 369
63 267
63 126
63 91
63 121
63 122
63 223
63 247
63 203
63 190
63 274
63 146
63 105
64 102
64 189
64 98
64 146
64 295
64 196
64 87
64 80
64 95
64 85
65 88
65 152
65 82
65 164
65 93
65 189
65 98
65 95
65 87
65 231
65 135
65 315
65 80
65 202
65 241
65 320
65 369
65 388
65 352
65 168
65 350
65 197
65 120
65 239
65 327
65 402
66 198
66 338
67 68
67 168
67 232
67 76
67 265
67 135
67 295
67 294
67 97
67 339
67 210
67 71
67 90
67 180
67 223
67 218
67 183
67 152
67 159
67 205
67 398
67 221
67 215
67 169
67 240
67 317
67 123
67 236
67 369
67 138
67 387
67 85
68 208
68 232
68 97
68 100
68 159
68 291
68 276
68 247
68 83
68 294
68 295
68 334
68 194
68 184
68 375
68 292
68 96
68 331
68 91
68 340
68 90
68 387
68 183
68 362
68 380
68 344
68 220
68 70
68 376
68 271
68 179
68 192
68 124
68 210
68 152
68 142
68 258
68 257
68 398
68 365
68 170
68 172
68 290
68 138
68 80
68 87
68 110
68 346
68 207
68 78
68 397
68 84
70 71
70 72
70 75
70 73
70 74
70 82
70 154
70 187
70 117
70 128
70 127
70 159
70 197
70 222
70 235
70 244
70 192
70 194
70 186
70 87
70 199
70 184
70 80
70 210
70 289
70 273
70 149
70 287
70 288
70 337
70 265
70 284
70 331
70 209
70 91
70 238
70 198
70 299
70 239
70 143
70 300
70 369
70 398
70 232
70 291
70 347
70 135
70 332
70 362
70 363
70 195
70 138
70 110
70 125
70 104
70 388
70 247
70 292
70 373
70 108
70 258
70 259
70 275
70 146
70 185
70 302
70 359
70 304
70 306
70 250
70 356
70 276
70 191
70 243
70 282
70 389
70 385
70 355
70 152
70 100
70 334
71 75
71 73
71 74
71 76
71 77
71 81
71 96
71 98
71 102
71 110
71 147
71 149
71 150
71 151
71 163
71 165
71 185
71 186
71 190
71 192
71 191
71 197
71 199
71 196
71 205
71 198
71 218
71 219
71 232
71 241
71 93
71 126
71 249
71 172
71 177
71 257
71 258
71 262
71 263
71 236
71 267
71 79
71 272
71 231
71 276
71 91
71 83
71 282
71 283
71 284
71 285
71 286
71 287
71 288
71 159
71 290
71 115
71 291
71 292
71 85
71 296
71 297
71 299
71 161
71 302
71 303
71 304
71 301
71 305
71 90
71 323
71 324
71 325
71 328
71 180
71 125
71 222
71 330
71 331
71 144
71 332
71 111
71 333
71 334
71 335
71 336
71 133
71 274
71 338
71 339
71 349
71 327
71 352
71 355
71 356
71 358
71 360
71 362
71 363
71 365
71 367
71 340
71 370
71 372
71 375
71 376
71 377
71 379
71 380
71 381
71 382
71 383
71 385
71 386
71 388
71 387
71 389
71 391
71 392
71 393
71 289
71 396
71 395
71 156
71 105
71 141
71 400
71 401
71 295
71 294
71 104
71 97
71 273
72 73
72 76
72 77
72 74
72 75
72 81
72 104
72 91
72 112
72 133
72 166
72 129
72 80
73 74
73 75
73 82
73 92
73 290
73 95
73 138
73 80
73 375
73 263
73 343
73 291
73 355
73 388
74 76
74 75
74 77
74 81
74 131
74 98
74 164
74 126
74 127
74 192
74 249
74 264
74 91
74 97
74 305
74 95
74 184
74 183
74 334
74 206
74 284
74 321
74 268
74 363
74 327
74 357
74 259
74 374
74 299
74 398
74 331
74 104
74 380
75 77
75 80
75 113
75 110
75 138
75 107
75 126
75 88
75 164
75 121
75 236
75 190
75 186
75 192
75 122
75 95
75 246
75 273
75 87
75 284
75 276
75 96
75 172
75 159
75 82
75 129
75 292
75 85
75 296
75 290
75 98
75 291
75 299
75 108
75 131
75 265
75 320
75 254
75 325
75 248
75 178
75 234
75 227
75 210
75 93
75 326
75 128
75 287
75 207
75 223
75 218
75 235
75 219
75 124
75 158
75 242
75 343
75 105
75 161
75 226
75 342
75 211
75 345
75 157
75 247
75 300
75 298
75 183
75 224
75 214
75 208
75 269
75 216
76 77
76 81
76 104
76 207
76 192
76 180
76 115
76 124
76 79
76 143
76 86
76 249
76 237
76 229
76 259
76 264
76 232
76 191
76 194
76 312
76 190
76 226
76 253
76 215
76 112
76 185
76 189
76 251
76 316
76 247
76 323
76 243
76 91
76 212
77 81
77 104
77 91
77 206
77 101
77 340
77 355
77 82
77 115
77 201
77 99
77 373
77 123
78 79
78 104
78 336
78 334
78 326
78 372
78 291
78 170
78 333
78 340
78 202
78 101
78 131
78 80
78 350
78 359
78 343
78 95
78 183
78 243
78 205
78 266
78 337
78 130
78 310
78 344
78 260
78 221
78 369
78 364
78 123
78 240
78 215
78 383
78 397
79 100
79 96
79 106
79 105
79 107
79 142
79 130
79 102
79 113
79 84
79 98
79 222
79 90
79 263
79 104
79 267
79 245
79 158
79 276
79 83
79 91
79 331
79 345
79 269
79 336
79 172
79 318
79 80
80 95
80 87
80 103
80 112
80 113
80 116
80 127
80 128
80 107
80 151
80 102
80 184
80 131
80 181
80 126
80 163
80 105
80 192
80 88
80 236
80 263
80 262
80 273
80 271
80 246
80 141
80 277
80 284
80 159
80 98
80 82
80 186
80 289
80 194
80 138
80 129
80 292
80 291
80 287
80 85
80 299
80 110
80 212
80 239
80 265
80 248
80 200
80 320
80 124
80 180
80 210
80 119
80 218
80 219
80 232
80 104
80 242
80 341
80 355
80 172
80 365
80 251
80 171
80 174
80 352
80 379
80 381
80 118
80 109
80 343
80 206
80 202
80 252
80 254
80 363
80 362
80 290
80 369
80 398
80 136
80 375
80 337
80 99
80 344
80 244
80 349
80 115
80 81
80 310
80 326
80 359
80 372
80 360
80 302
80 123
80 86
80 228
80 371
80 222
80 143
80 300
80 234
80 114
80 328
80 330
80 144
80 223
80 401
80 253
80 296
80 117
80 160
80 185
80 227
80 342
80 331
80 399
80 334
80 190
80 148
80 152
80 224
80 214
80 208
80 269
80 216
80 380
81 112
81 162
81 181
81 185
81 186
81 131
81 120
81 221
81 135
81 203
81 262
81 310
81 311
81 274
81 190
81 312
81 218
81 276
81 284
81 289
81 340
81 207
81 166
81 366
81 118
81 197
81 375
81 145
81 214
81 320
81 336
81 334
81 364
81 258
81 140
81 99
81 95
81 115
81 87
81 117
81 282
81 82
81 104
81 215
81 187
81 182
81 393
81 86
81 110
81 116
81 172
81 353
81 91
82 124
82 144
82 145
82 125
82 164
82 214
82 190
82 159
82 235
82 127
82 83
82 89
82 160
82 198
82 95
82 289
82 186
82 172
82 141
82 298
82 300
82 299
82 131
82 126
82 292
82 308
82 265
82 262
82 277
82 301
82 94
82 330
82 328
82 108
82 161
82 375
82 373
82 129
82 350
82 366
82 115
82 130
82 206
82 352
82 197
82 364
82 143
82 173
82 102
82 138
82 399
82 323
82 398
82 135
82 278
82 279
82 284
82 401
82 257
82 195
82 380
82 275
82 259
82 87
82 123
82 247
82 305
82 307
82 306
82 153
82 104
82 119
82 368
82 189
82 209
82 169
82 146
82 185
82 359
82 302
82 367
82 274
82 239
82 356
82 215
82 184
82 113
82 211
82 194
83 84
83 91
83 88
83 93
83 92
83 89
83 94
83 85
83 171
83 170
83 174
83 86
83 175
83 173
83 90
83 169
83 176
83 172
83 177
83 246
83 281
83 280
83 194
83 262
83 265
83 152
83 205
83 95
83 87
83 290
83 360
83 335
83 260
83 331
83 334
83 206
83 142
83 215
83 141
83 122
83 302
83 187
83 168
83 144
83 363
83 203
83 340
83 284
83 160
83 222
83 317
83 235
84 89
84 91
84 92
84 88
84 93
84 85
84 90
84 188
84 169
84 220
84 168
84 131
84 222
84 144
84 271
84 184
84 295
84 95
84 355
84 261
84 208
84 319
84 322
84 96
84 100
84 104
84 86
84 253
84 172
84 203
84 291
84 375
84 293
84 260
84 300
85 86
85 94
85 92
85 186
85 126
85 181
85 127
85 210
85 172
85 150
85 292
85 285
85 291
85 262
85 101
85 87
85 95
85 299
85 141
85 140
85 144
85 266
85 375
85 357
85 135
85 289
85 322
85 331
85 91
85 115
85 259
85 302
85 398
85 124
85 399
85 110
85 353
85 138
85 356
85 184
85 191
85 296
85 207
85 93
85 244
85 97
85 168
86 94
86 92
86 169
86 171
86 170
86 175
86 174
86 173
86 176
86 177
86 172
86 127
86 103
86 168
86 97
86 255
86 118
86 182
86 96
86 224
86 98
86 326
86 360
86 267
86 104
86 145
86 306
86 125
86 247
86 180
86 313
86 308
86 322
86 271
86 139
86 299
86 344
86 115
86 113
86 123
86 87
86 238
86 244
86 343
86 242
86 222
86 272
86 207
86 199
86 234
86 116
86 334
86 336
87 88
87 95
87 116
87 127
87 168
87 128
87 126
87 197
87 192
87 186
87 143
87 122
87 121
87 236
87 140
87 262
87 191
87 246
87 106
87 273
87 141
87 110
87 138
87 291
87 239
87 248
87 247
87 187
87 265
87 180
87 119
87 290
87 218
87 320
87 163
87 242
87 219
87 355
87 341
87 243
87 172
87 251
87 174
87 316
87 325
87 315
87 252
87 308
87 216
87 208
87 343
87 345
87 363
87 313
87 102
87 398
87 281
87 282
87 115
87 366
87 372
87 359
87 356
87 360
87 253
87 123
87 379
87 375
87 357
87 120
87 340
87 351
87 330
87 328
87 154
87 222
87 292
87 185
87 399
87 117
87 104
87 160
87 276
87 234
87 227
87 334
87 324
87 214
87 184
87 193
87 223
87 258
88 90
88 91
88 92
88 93
88 89
88 189
88 105
88 110
88 197
88 232
88 192
88 153
88 121
88 127
88 221
88 184
88 271
88 257
88 194
88 375
88 289
88 355
88 349
88 374
89 92
89 91
89 93
89 160
89 117
89 118
89 190
89 205
89 184
89 197
89 148
89 124
89 281
89 152
89 328
89 214
89 216
89 330
89 199
89 112
89 311
89 198
89 173
89 175
89 338
89 159
89 223
89 138
89 291
90 93
90 92
90 173
90 295
90 307
90 294
90 340
90 339
90 343
90 371
90 369
90 364
90 377
90 386
90 389
90 393
90 391
90 214
90 98
90 161
90 292
90 114
90 207
91 92
91 93
91 145
91 134
91 195
91 194
91 123
91 193
91 152
91 105
91 156
91 234
91 231
91 244
91 126
91 242
91 255
91 149
91 111
91 184
91 233
91 287
91 285
91 286
91 141
91 291
91 162
91 299
91 274
91 305
91 265
91 312
91 262
91 97
91 131
91 323
91 324
91 325
91 180
91 328
91 331
91 302
91 353
91 235
91 147
91 157
91 361
91 347
91 142
91 308
91 360
91 260
91 173
91 379
91 377
91 355
91 382
91 340
91 362
91 344
91 206
91 259
91 275
91 251
91 301
91 267
91 313
91 268
91 113
91 402
91 223
91 176
91 247
91 398
91 124
91 169
91 201
91 168
91 109
91 190
91 399
91 282
91 289
91 272
91 191
91 281
91 95
91 276
91 179
91 357
91 232
91 217
91 211
91 296
91 378
91 304
91 257
91 350
91 366
91 359
91 199
91 196
91 215
91 200
91 346
91 334
92 93
92 94
92 265
92 221
92 248
92 194
92 395
92 161
92 132
92 292
92 164
93 103
93 131
93 189
93 152
93 241
93 190
93 98
93 146
93 202
93 243
93 126
93 123
93 128
93 290
93 169
93 203
93 186
93 138
93 291
93 210
93 110
93 380
93 340
93 198
93 308
93 259
93 275
93 184
93 366
93 236
94 101
94 144
94 271
95 102
95 178
95 116
95 151
95 143
95 121
95 226
95 224
95 100
95 191
95 246
95 110
95 273
95 141
95 129
95 292
95 138
95 262
95 206
95 299
95 291
95 203
95 239
95 248
95 247
95 265
95 315
95 320
95 322
95 165
95 163
95 105
95 180
95 290
95 357
95 219
95 355
95 341
95 172
95 365
95 241
95 251
95 381
95 252
95 343
95 345
95 202
95 313
95 376
95 254
95 351
95 118
95 398
95 232
95 136
95 146
95 375
95 393
95 363
95 244
95 115
95 142
95 360
95 372
95 120
95 302
95 374
95 401
95 131
95 307
95 196
95 205
95 330
95 199
95 253
95 367
95 160
95 185
95 234
95 227
95 399
95 324
95 285
95 258
95 218
95 223
96 115
96 120
96 142
96 159
96 127
96 249
96 107
96 106
96 141
96 100
96 98
96 275
96 281
96 111
96 199
96 129
96 206
96 172
96 164
96 178
96 257
96 124
96 319
96 180
96 135
96 343
96 363
96 228
96 338
96 387
96 152
96 315
96 192
96 274
96 251
96 162
96 258
96 247
96 301
96 248
96 273
96 324
96 401
96 104
96 291
96 340
96 190
96 380
96 372
96 360
96 101
96 366
96 310
96 179
96 271
96 131
96 272
96 269
96 342
96 139
96 256
96 400
96 205
96 357
96 379
96 384
96 382
96 355
96 222
96 195
96 352
96 238
96 260
96 393
96 345
96 365
96 371
96 246
96 244
96 265
96 307
96 292
96 359
96 302
96 185
96 208
96 214
96 223
96 218
96 219
96 105
96 364
96 369
96 173
96 313
96 308
97 184
97 210
97 188
97 189
97 294
97 296
97 286
97 305
97 239
97 295
97 190
97 194
97 344
98 99
98 116
98 123
98 115
98 130
98 164
98 179
98 108
98 127
98 151
98 105
98 156
98 189
98 188
98 146
98 258
98 257
98 263
98 262
98 104
98 106
98 107
98 168
98 186
98 154
98 281
98 280
98 159
98 288
98 129
98 191
98 291
98 290
98 278
98 148
98 293
98 200
98 136
98 119
98 184
98 398
98 118
98 222
98 375
98 401
98 287
98 295
99 116
99 130
99 128
99 154
99 261
99 159
99 186
99 125
99 243
99 218
99 223
99 363
99 354
99 348
99 292
99 274
99 379
99 119
99 222
99 249
99 372
99 360
99 366
99 334
99 347
99 359
99 350
99 251
99 115
99 201
99 393
99 282
99 250
99 132
99 299
99 241
99 265
99 151
99 179
100 140
100 206
100 127
100 104
100 197
100 261
100 270
100 287
100 199
100 101
100 159
100 108
100 131
100 111
100 207
100 117
100 220
100 162
100 155
100 369
100 191
100 173
100 291
100 278
100 105
100 132
100 113
100 352
100 360
100 141
100 179
100 122
100 187
100 240
100 102
100 192
100 271
100 222
100 357
100 362
100 269
100 345
100 239
100 356
100 363
100 260
100 380
100 116
100 152
100 194
100 274
100 284
101 168
101 143
101 131
101 108
101 250
101 262
101 287
101 288
101 291
101 191
101 247
101 258
101 202
101 401
101 275
101 218
101 381
101 195
101 375
101 124
101 102
101 172
101 115
101 179
101 265
101 253
101 110
101 114
101 343
101 300
101 345
102 103
102 114
102 133
102 153
102 164
102 108
102 118
102 127
102 181
102 186
102 223
102 218
102 104
102 219
102 316
102 313
102 308
102 129
102 268
102 202
102 165
102 341
102 342
102 143
102 243
102 180
102 326
102 137
102 113
102 192
102 155
102 315
102 173
102 388
102 386
102 232
102 247
102 253
102 355
102 287
102 366
102 271
102 350
102 262
102 233
102 333
102 332
102 146
102 170
102 207
102 376
102 343
102 348
102 345
102 300
102 286
102 375
102 228
102 244
102 227
102 299
102 359
102 124
102 330
102 159
102 246
103 113
103 128
103 127
103 199
103 141
103 186
103 218
103 114
103 320
103 202
103 165
103 342
103 175
103 355
103 243
103 258
103 172
103 373
103 109
103 129
103 286
103 197
103 183
103 377
103 379
104 126
104 154
104 155
104 133
104 224
104 195
104 199
104 262
104 106
104 152
104 202
104 205
104 177
104 299
104 108
104 148
104 284
104 116
104 192
104 186
104 207
104 295
104 294
104 269
104 223
104 235
104 175
104 163
104 159
104 172
104 280
104 242
104 243
104 326
104 355
104 307
104 293
104 197
104 113
104 357
104 222
104 179
104 363
104 373
104 275
104 267
104 364
104 369
104 327
104 330
104 402
104 158
104 123
104 141
104 233
104 316
104 190
104 333
104 383
104 146
104 282
104 219
104 350
104 366
104 217
104 211
104 362
104 214
104 365
104 287
104 334
104 131
104 399
104 125
104 260
104 156
104 271
104 380
104 322
105 106
105 107
105 143
105 112
105 156
105 197
105 151
105 186
105 247
105 124
105 158
105 138
105 265
105 119
105 167
105 115
105 328
105 161
105 207
105 343
105 363
105 295
105 244
105 132
105 159
105 393
105 226
105 164
105 113
105 253
105 231
105 376
105 326
105 302
105 141
105 387
105 313
105 331
105 334
105 336
105 190
105 256
106 107
106 156
106 158
106 143
106 167
106 180
106 181
106 197
106 132
106 270
107 142
107 145
107 140
107 138
107 127
107 143
107 129
107 158
107 167
107 180
107 232
107 223
107 156
107 132
107 136
107 111
107 118
108 109
108 115
108 113
108 165
108 116
108 131
108 206
108 126
108 125
108 124
108 281
108 234
108 312
108 218
108 284
108 190
108 219
108 199
108 320
108 313
108 264
108 321
108 316
108 197
108 331
108 189
108 366
108 129
108 208
108 159
108 161
108 355
108 143
108 315
108 171
108 375
108 329
108 348
108 372
108 195
108 223
108 364
108 232
108 222
108 399
108 353
108 359
108 244
108 238
108 179
109 131
109 216
109 121
109 143
109 149
109 259
109 205
109 152
109 342
109 202
109 357
109 172
109 373
109 184
109 231
109 352
109 302
109 168
109 238
109 245
109 136
109 380
109 195
110 113
110 138
110 186
110 192
110 121
110 232
110 246
110 129
110 262
110 291
110 239
110 265
110 248
110 164
110 254
110 178
110 234
110 227
110 218
110 288
110 287
110 348
110 294
110 354
110 343
110 345
110 235
110 183
110 299
110 399
110 249
110 282
110 132
110 139
110 330
110 328
110 360
110 375
110 124
110 363
110 324
110 334
110 214
110 276
110 184
110 206
110 224
110 208
110 269
110 380
110 216
111 118
111 112
111 261
111 184
111 202
111 203
111 332
111 129
111 190
111 373
111 174
111 143
111 281
111 379
111 362
111 124
111 305
111 385
111 273
111 154
111 115
111 135
111 333
111 136
111 380
112 166
112 127
112 159
112 259
112 197
112 190
112 207
112 141
112 216
112 208
112 214
112 152
112 328
112 206
112 189
112 242
112 323
112 331
112 243
112 362
113 127
113 195
113 168
113 181
113 203
113 116
113 215
113 146
113 314
113 184
113 197
113 115
113 211
113 141
113 268
113 216
113 214
113 155
113 241
113 223
113 218
113 220
113 258
113 316
113 192
113 145
113 266
113 183
113 286
113 357
113 173
113 386
113 178
113 256
113 352
113 159
113 204
113 287
113 142
113 298
113 333
113 271
113 343
113 345
113 300
113 132
113 302
113 138
113 251
113 328
113 301
113 242
113 313
113 368
113 139
113 299
113 380
113 125
113 342
113 259
113 364
113 376
113 187
113 398
113 170
113 355
113 182
113 284
113 276
114 115
114 375
114 349
114 144
114 379
114 324
114 264
115 116
115 148
115 181
115 155
115 146
115 195
115 117
115 214
115 208
115 124
115 143
115 221
115 218
115 191
115 222
115 200
115 159
115 141
115 321
115 314
115 258
115 355
115 197
115 373
115 325
115 357
115 301
115 219
115 211
115 217
115 324
115 179
115 326
115 131
115 322
115 182
115 226
115 232
115 351
115 132
115 360
115 251
115 299
115 379
115 242
115 139
115 153
115 255
115 308
115 287
115 375
115 202
115 243
115 291
115 364
115 369
115 289
115 280
115 135
115 257
115 281
115 154
115 293
115 187
115 344
115 125
115 260
116 127
116 128
116 168
116 143
116 138
116 147
116 197
116 205
116 152
116 355
116 364
116 371
116 343
116 308
116 310
116 316
116 370
116 366
116 345
116 332
116 362
116 269
116 141
116 388
116 215
116 169
116 344
116 123
116 360
116 218
116 334
117 143
117 118
117 140
117 195
117 184
117 271
117 175
117 172
117 119
117 295
117 264
117 316
117 371
117 159
117 333
117 332
117 360
117 182
117 134
117 245
117 207
117 369
117 313
117 272
117 340
117 243
117 242
117 291
117 401
117 123
117 355
118 126
118 144
118 188
118 189
118 143
118 199
118 127
118 195
118 185
118 184
118 193
118 169
118 168
118 251
118 191
118 220
118 285
118 287
118 274
118 159
118 347
118 305
118 214
118 331
118 355
118 208
118 258
118 260
118 323
118 148
118 324
118 362
118 162
118 338
118 364
118 371
118 337
118 281
118 259
118 292
118 343
118 351
118 242
118 319
118 385
118 389
118 293
118 136
119 264
119 157
119 252
119 124
119 281
119 154
119 199
119 295
119 307
119 374
119 344
119 349
119 375
120 128
120 129
120 146
120 195
120 127
120 189
120 188
120 264
120 327
120 191
120 360
120 400
120 122
120 402
121 122
121 127
121 197
121 144
121 233
121 138
121 141
121 337
121 340
121 158
121 140
121 180
121 238
121 166
121 262
121 241
122 195
122 184
122 138
122 236
122 272
122 170
122 163
122 232
122 398
122 223
122 363
122 247
122 158
122 124
122 333
122 400
122 238
122 166
122 262
122 241
123 195
123 247
123 289
123 316
123 364
123 369
123 243
123 308
123 292
123 398
123 356
123 270
123 163
123 259
123 187
123 370
123 231
123 360
123 379
123 382
123 172
123 287
123 375
123 124
123 257
123 197
123 148
123 223
123 159
123 326
123 190
123 179
123 313
123 341
123 365
123 141
123 372
123 205
123 218
123 221
123 322
123 317
123 359
123 215
123 162
123 240
123 366
123 154
124 125
124 141
124 143
124 145
124 140
124 167
124 135
124 197
124 190
124 232
124 131
124 227
124 234
124 268
124 199
124 223
124 218
124 241
124 373
124 219
124 342
124 206
124 201
124 316
124 289
124 204
124 264
124 266
124 243
124 363
124 333
124 259
124 332
124 257
124 378
124 168
124 299
124 290
124 379
124 239
124 183
124 291
124 398
124 138
124 272
124 191
124 302
124 359
124 304
124 351
124 154
124 307
124 159
124 214
124 262
124 127
124 340
125 143
125 145
125 262
125 199
125 163
125 197
125 243
125 160
125 267
125 371
125 357
125 322
125 299
125 284
125 349
125 191
125 247
125 393
125 244
125 201
125 242
125 159
125 203
125 246
125 214
125 168
125 170
125 172
125 373
125 260
126 195
126 138
126 186
126 127
126 151
126 181
126 199
126 148
126 251
126 253
126 190
126 375
126 380
126 357
126 271
127 195
127 199
127 203
127 163
127 140
127 168
127 206
127 128
127 222
127 150
127 333
127 332
127 187
127 348
127 322
127 345
127 141
127 319
127 363
127 342
128 195
128 295
128 247
128 248
128 265
128 215
128 281
128 280
128 138
128 291
128 274
128 344
128 352
128 276
128 284
128 135
128 164
128 256
129 146
129 188
129 189
129 206
129 264
129 135
129 292
129 262
129 195
129 231
129 211
129 200
129 268
129 315
129 158
129 247
129 254
129 372
129 367
129 327
129 366
130 131
130 167
130 159
130 197
130 305
130 177
130 152
130 284
130 176
130 241
130 181
130 332
130 393
130 365
130 359
130 211
130 201
130 292
130 342
131 181
131 184
131 218
131 143
131 234
131 281
131 299
131 191
131 309
131 312
131 284
131 190
131 219
131 305
131 318
131 319
131 320
131 321
131 221
131 292
131 157
131 366
131 331
131 216
131 152
131 328
131 159
131 355
131 296
131 197
131 249
131 207
131 362
131 348
131 372
131 326
131 369
131 317
131 179
131 272
131 370
131 269
131 139
131 393
131 340
131 201
131 375
131 232
131 202
131 352
131 138
131 330
131 343
131 227
131 307
131 351
131 399
131 257
131 354
131 363
131 141
131 241
131 334
132 161
132 156
132 158
132 167
132 134
132 187
132 376
132 141
132 215
132 291
132 395
132 292
132 164
133 134
133 199
133 197
133 334
133 268
133 165
133 245
133 323
133 289
133 393
134 199
134 196
134 194
134 193
134 323
134 198
134 376
134 287
134 402
134 331
134 399
135 136
135 137
135 159
135 152
135 241
135 240
135 295
135 294
135 197
135 181
135 215
135 253
135 156
135 271
135 343
135 319
135 223
135 228
135 274
135 369
135 357
135 284
135 279
135 325
135 324
135 347
135 145
135 313
135 344
135 382
135 308
135 259
135 281
135 280
135 349
135 218
135 363
135 141
135 375
135 194
136 137
136 243
136 152
136 337
136 301
136 364
136 322
136 375
136 268
136 141
136 194
136 144
136 344
136 380
137 271
137 319
137 143
137 373
137 244
137 342
137 308
137 161
137 260
137 155
137 322
138 190
138 186
138 192
138 276
138 291
138 262
138 299
138 239
138 305
138 315
138 318
138 254
138 227
138 234
138 210
138 180
138 218
138 324
138 226
138 343
138 219
138 342
138 345
138 298
138 235
138 355
138 183
138 277
138 266
138 282
138 292
138 328
138 330
138 360
138 375
138 359
138 399
138 222
138 168
138 269
138 214
138 366
138 296
138 160
139 144
139 355
139 159
139 142
139 343
139 179
139 269
139 354
139 374
139 287
139 322
139 333
139 363
139 393
139 349
139 290
139 187
139 270
139 370
139 345
140 181
140 152
140 215
140 192
140 233
140 240
140 235
140 197
140 199
140 165
140 175
140 320
140 172
140 223
140 314
140 218
140 371
140 349
140 316
140 232
140 398
140 145
140 262
140 207
140 201
140 209
140 198
141 142
141 180
141 192
141 152
141 197
141 205
141 285
141 289
141 247
141 253
141 252
141 144
141 172
141 188
141 328
141 175
141 190
141 363
141 191
141 321
141 207
141 290
141 314
141 347
141 294
141 393
141 333
141 400
141 223
141 350
141 187
141 222
141 219
141 257
141 359
141 366
141 293
141 159
141 240
141 201
141 287
141 194
141 313
141 308
141 195
141 352
141 372
141 360
141 299
141 309
141 362
141 357
141 361
141 203
141 364
142 205
142 152
142 197
142 170
142 276
142 238
142 163
142 374
142 274
142 348
142 290
142 190
142 331
142 299
143 145
143 200
143 183
143 215
143 196
143 192
143 181
143 221
143 199
143 185
143 184
143 159
143 218
143 172
143 358
143 368
143 362
143 307
143 299
143 355
143 318
143 207
143 168
143 251
143 268
143 292
143 369
143 350
143 325
143 275
143 291
144 185
144 213
144 197
144 216
144 205
144 222
144 195
144 240
144 192
144 300
144 184
144 152
144 274
144 331
144 325
144 211
144 253
144 369
144 324
144 355
144 245
144 271
144 370
144 163
144 269
144 268
145 195
145 316
145 315
145 258
145 199
145 197
145 194
145 299
145 267
145 371
145 247
145 322
145 264
145 180
145 368
145 400
145 255
145 242
145 383
145 154
145 363
145 292
145 223
145 290
145 201
145 239
146 178
146 195
146 199
146 197
146 148
146 189
146 188
146 192
146 184
146 185
146 354
146 266
146 183
146 264
146 152
146 374
146 190
146 233
146 333
146 223
146 387
146 302
146 259
146 398
146 344
146 210
146 247
147 149
147 151
147 150
148 197
148 205
148 195
148 184
148 331
148 172
148 267
148 371
148 289
148 337
149 151
149 150
150 151
150 181
150 260
150 244
150 245
150 210
150 240
151 257
151 258
151 272
152 157
152 168
152 202
152 186
152 193
152 209
152 198
152 158
152 191
152 159
152 205
152 243
152 177
152 248
152 160
152 264
152 184
152 214
152 189
152 292
152 216
152 196
152 208
152 296
152 197
152 207
152 161
152 361
152 355
152 371
152 288
152 190
152 343
152 252
152 257
152 258
152 354
152 176
152 269
152 393
152 170
152 194
152 334
152 333
152 336
152 290
152 291
153 301
153 362
153 306
154 155
154 172
154 284
154 197
154 294
154 394
154 247
154 267
154 265
154 180
154 364
154 369
154 243
154 313
154 245
154 356
154 359
154 333
154 332
154 322
154 354
154 222
154 203
154 199
154 400
154 269
154 357
154 349
155 161
155 182
155 295
155 294
155 223
155 363
155 287
155 274
155 208
155 197
156 167
156 161
156 158
156 191
156 188
156 271
157 203
157 186
157 361
157 216
157 323
157 347
157 180
157 243
157 242
157 207
157 217
157 211
157 395
157 215
157 387
157 158
157 190
157 177
157 376
157 400
158 167
158 161
158 223
158 326
158 268
158 215
158 274
158 245
158 400
158 243
158 259
158 393
158 316
158 357
158 207
159 181
159 214
159 237
159 229
159 230
159 199
159 216
159 184
159 288
159 287
159 280
159 281
159 213
159 223
159 276
159 239
159 313
159 308
159 316
159 347
159 307
159 197
159 207
159 161
159 241
159 260
159 163
159 192
159 362
159 172
159 200
159 262
159 240
159 372
159 360
159 255
159 352
159 187
159 259
159 209
159 190
159 356
159 349
159 326
159 302
159 319
159 219
159 293
159 363
159 218
159 215
159 306
159 228
159 359
159 387
159 317
159 201
159 355
159 191
159 369
159 353
159 196
159 393
159 294
159 391
160 205
160 197
160 184
160 208
160 175
160 291
160 302
160 350
160 359
160 290
160 284
161 162
161 299
161 307
161 167
161 328
161 187
161 207
161 343
161 291
161 176
161 349
161 316
161 395
161 292
161 164
162 199
162 193
162 185
162 165
162 295
162 294
162 208
162 307
162 315
162 258
162 268
162 349
162 366
162 364
162 215
162 369
162 240
162 393
162 172
163 165
163 183
163 181
163 186
163 268
163 320
163 232
163 199
163 240
163 192
163 378
163 187
163 197
163 289
163 370
163 302
163 376
163 344
163 351
163 170
163 218
163 168
163 190
164 292
164 276
164 290
164 207
164 197
164 247
164 291
164 226
164 380
164 262
164 370
164 395
165 183
165 223
165 268
165 299
165 226
165 342
165 320
165 258
165 199
165 232
165 240
165 192
165 172
165 345
166 304
166 174
166 199
166 172
166 262
166 241
167 207
167 321
168 184
168 187
168 181
168 223
168 195
168 220
168 251
168 245
168 235
168 199
168 186
168 246
168 267
168 214
168 271
168 169
168 175
168 365
168 388
168 355
168 288
168 337
168 287
168 360
168 344
168 197
168 376
168 190
168 275
168 322
168 366
168 217
168 345
168 346
168 172
168 363
168 218
168 269
168 276
168 277
168 192
168 370
168 374
169 170
169 171
169 175
169 174
169 177
169 173
169 176
169 172
169 193
169 190
169 202
169 187
169 203
169 184
169 215
169 245
169 387
169 196
169 259
169 275
169 398
169 331
169 218
169 366
169 359
169 261
169 192
169 269
169 197
169 322
169 344
169 369
169 364
169 240
169 374
170 171
170 174
170 175
170 176
170 173
170 177
170 172
170 204
170 201
170 398
170 282
170 205
170 227
170 192
170 183
170 381
170 249
170 223
170 257
170 195
170 393
170 253
170 190
171 172
171 175
171 174
171 177
171 176
171 173
171 247
171 304
171 188
171 315
171 325
171 260
172 176
172 177
172 173
172 175
172 174
172 232
172 199
172 281
172 187
172 184
172 271
172 243
172 192
172 231
172 201
172 190
172 357
172 356
172 287
172 288
172 355
172 315
172 202
172 252
172 241
172 186
172 320
172 262
172 360
172 197
172 372
172 316
172 253
172 337
172 181
172 366
172 359
172 302
172 203
172 389
172 343
172 301
172 268
172 193
172 299
172 379
172 242
172 286
172 209
172 198
172 275
172 247
172 380
172 350
172 363
172 387
172 223
172 259
172 395
172 386
172 393
172 221
172 214
172 376
172 274
172 318
173 174
173 176
173 177
173 175
173 185
173 202
173 197
173 326
173 291
173 284
173 290
174 175
174 177
174 176
174 247
174 186
174 214
174 349
174 366
174 325
174 252
174 352
174 258
174 292
174 354
174 374
175 177
175 176
175 315
175 252
175 387
175 353
176 177
176 223
176 199
176 345
176 205
176 326
176 401
176 333
176 260
177 205
177 202
177 301
177 305
177 292
177 221
177 287
177 249
177 191
177 187
177 317
177 253
177 190
177 260
178 215
178 192
178 195
178 247
178 281
179 277
179 196
179 252
179 272
179 269
179 370
179 393
179 342
179 343
179 287
179 345
179 195
179 375
179 357
179 319
179 247
179 244
179 187
179 334
179 336
179 282
179 331
179 232
180 187
180 326
180 305
180 328
180 330
180 274
180 231
180 373
180 355
180 321
180 323
180 214
180 316
180 360
180 372
180 191
180 270
180 313
180 308
180 233
180 334
180 371
180 336
180 296
180 388
180 345
180 250
180 222
180 218
181 189
181 222
181 220
181 185
181 190
181 199
181 239
181 224
181 247
181 357
181 214
181 186
181 359
181 304
181 302
181 266
181 231
181 299
181 226
181 366
181 350
181 400
181 398
182 188
182 189
182 386
182 276
182 357
182 290
182 344
182 322
182 224
183 197
183 199
183 286
183 192
183 354
183 266
183 352
183 386
183 388
183 232
183 362
183 306
183 305
183 291
183 401
183 341
183 383
183 221
183 284
183 397
184 193
184 213
184 197
184 232
184 191
184 251
184 221
184 259
184 267
184 195
184 252
184 210
184 299
184 269
184 295
184 294
184 261
184 231
184 324
184 203
184 211
184 260
184 344
184 241
184 400
184 239
184 371
184 398
184 190
184 202
184 353
184 199
184 247
184 292
184 225
184 277
184 399
184 366
184 346
184 286
184 214
184 208
184 291
185 186
185 194
185 192
185 203
185 266
185 300
185 207
185 247
185 206
185 315
185 343
185 357
185 398
185 259
185 363
186 190
186 218
186 205
186 192
186 211
186 289
186 195
186 247
186 232
186 320
186 231
186 276
186 369
186 294
186 291
186 362
186 333
186 348
186 280
186 281
186 332
187 265
187 240
187 222
187 278
187 203
187 197
187 323
187 373
187 352
187 395
187 388
187 317
187 287
187 234
187 326
187 333
187 368
187 348
187 304
187 350
187 359
187 302
187 242
187 363
187 290
187 356
187 259
187 244
187 383
187 367
187 218
187 342
187 286
187 285
187 190
187 353
187 253
187 357
188 189
188 197
188 191
188 195
188 321
188 284
188 355
188 264
188 287
188 354
188 327
189 211
189 197
189 195
189 330
189 214
189 199
189 281
189 379
189 384
189 366
189 327
189 264
189 400
189 239
189 402
190 191
190 192
190 199
190 196
190 208
190 205
190 197
190 232
190 193
190 203
190 252
190 310
190 202
190 218
190 219
190 286
190 354
190 315
190 266
190 345
190 264
190 296
190 287
190 371
190 268
190 341
190 357
190 258
190 257
190 395
190 259
190 215
190 245
190 399
190 400
190 280
190 275
190 302
190 269
190 356
190 270
190 290
190 239
190 289
190 240
190 223
190 222
190 333
190 234
190 324
190 285
190 370
190 374
190 247
190 200
190 243
190 393
190 391
190 253
190 291
191 192
191 249
191 251
191 220
191 272
191 246
191 265
191 262
191 292
191 299
191 203
191 287
191 324
191 247
191 337
191 202
191 388
191 223
191 233
191 398
191 195
191 302
191 222
191 197
191 291
191 342
191 193
191 199
191 256
191 269
192 207
192 197
192 232
192 211
192 242
192 258
192 266
192 195
192 223
192 199
192 354
192 357
192 315
192 345
192 369
192 352
192 241
192 268
192 251
192 311
192 302
192 313
192 367
192 393
192 306
192 299
192 202
192 203
192 205
192 214
192 309
192 293
192 290
193 197
193 198
193 210
193 234
193 195
193 222
193 199
193 247
193 260
193 286
193 285
193 202
193 266
193 269
193 227
193 299
193 271
193 256
193 275
193 259
193 261
193 203
193 217
193 214
193 284
194 195
194 196
194 198
194 197
194 278
194 301
194 268
194 218
194 260
194 340
194 257
194 258
194 273
194 266
194 316
194 226
194 306
194 357
194 291
194 363
195 196
195 197
195 198
195 199
195 220
195 202
195 257
195 237
195 222
195 210
195 315
195 332
195 271
195 343
195 369
195 398
195 375
195 372
195 308
195 360
195 364
195 218
195 245
195 380
196 197
196 198
196 205
196 208
196 209
196 215
196 271
196 239
196 284
196 214
196 400
196 253
196 313
196 362
196 207
196 399
196 223
196 376
196 369
197 198
197 205
197 209
197 222
197 199
197 246
197 297
197 234
197 305
197 227
197 310
197 311
197 218
197 290
197 315
197 299
197 283
197 307
197 328
197 347
197 288
197 287
197 379
197 258
197 363
197 357
197 276
197 207
197 375
197 247
197 355
197 323
197 338
197 364
197 371
197 331
197 208
197 206
197 211
197 268
197 318
197 372
197 235
197 360
197 373
197 345
197 343
197 273
197 388
197 399
197 289
197 316
197 251
197 330
197 389
197 350
197 267
197 301
197 248
197 280
197 262
197 333
197 332
197 302
197 309
197 393
197 304
197 366
197 324
197 359
197 349
197 257
197 370
197 374
197 282
197 261
197 286
197 291
197 223
197 201
197 365
197 202
197 215
197 322
197 308
197 313
197 344
198 205
198 209
198 220
198 221
198 232
198 289
198 297
198 295
198 347
198 316
198 280
198 281
198 362
198 290
198 256
198 306
198 324
198 351
198 240
199 232
199 245
199 220
199 251
199 276
199 287
199 205
199 286
199 243
199 216
199 214
199 305
199 240
199 320
199 324
199 231
199 362
199 341
199 365
199 247
199 376
199 357
199 345
199 381
199 207
199 272
199 308
199 203
199 202
199 349
199 310
200 366
200 231
200 351
200 387
200 328
200 305
200 228
201 204
201 214
201 292
201 216
201 357
201 269
201 228
201 271
201 319
201 340
201 227
201 247
201 242
201 223
201 356
201 399
201 243
201 330
201 287
201 265
201 239
201 363
201 205
202 203
202 213
202 205
202 214
202 265
202 312
202 271
202 217
202 357
202 373
202 315
202 241
202 252
202 377
202 379
202 363
202 313
202 319
202 264
202 274
202 354
202 257
202 258
202 266
202 371
202 299
202 355
202 345
202 269
202 256
202 344
202 346
202 218
202 215
202 275
202 383
202 286
202 350
202 318
203 242
203 209
203 218
203 281
203 264
203 395
203 313
203 356
203 266
203 309
203 366
203 393
203 205
203 391
203 275
203 259
203 326
203 221
203 373
204 271
204 379
204 382
204 402
204 363
204 357
205 208
205 209
205 243
205 306
205 206
205 247
205 272
205 355
205 376
205 348
205 343
205 227
205 207
205 215
205 239
205 330
205 344
205 313
205 308
205 393
205 275
205 354
206 207
206 277
206 262
206 313
206 334
206 301
206 366
206 350
206 331
206 211
206 292
206 299
206 259
206 400
206 235
206 289
207 313
207 317
207 301
207 328
207 302
207 236
207 239
207 334
207 325
207 276
207 242
207 362
207 324
207 357
207 271
207 218
207 376
207 359
207 227
207 234
207 345
207 343
207 374
207 364
207 272
207 399
207 253
207 309
207 245
207 223
207 231
207 257
207 365
207 304
207 244
207 270
208 209
208 214
208 253
208 216
208 215
208 330
208 255
208 292
208 323
208 258
208 261
208 355
208 247
208 276
208 240
208 260
208 331
208 280
208 359
208 274
208 316
208 224
208 269
208 380
209 220
209 221
209 231
209 289
209 331
209 215
209 347
209 255
209 280
209 281
209 256
209 306
209 333
209 324
209 332
209 327
209 274
209 240
210 252
210 320
210 291
210 331
210 294
211 212
211 217
211 253
211 247
211 338
211 361
211 375
211 359
211 331
212 291
212 374
212 349
212 266
212 369
212 357
212 323
213 325
213 355
213 372
214 216
214 218
214 253
214 320
214 215
214 261
214 342
214 311
214 263
214 260
214 323
214 307
214 375
214 355
214 239
214 247
214 242
214 315
214 276
214 241
214 240
214 287
214 246
214 351
214 257
214 258
214 269
214 245
214 363
214 284
214 334
214 280
214 366
214 399
214 290
214 356
214 324
214 274
214 224
214 380
215 321
215 216
215 330
215 305
215 347
215 255
215 292
215 289
215 369
215 254
215 375
215 399
215 248
215 271
215 242
215 299
215 319
215 383
215 400
215 272
215 313
215 256
215 367
215 322
215 359
215 317
215 364
215 352
215 353
215 308
216 222
216 323
216 260
216 292
216 261
216 355
216 375
216 247
216 269
216 224
217 259
217 342
217 222
217 375
217 398
217 351
217 364
217 366
217 350
217 331
218 219
218 223
218 222
218 284
218 310
218 234
218 299
218 308
218 288
218 291
218 235
218 313
218 346
218 268
218 242
218 243
218 231
218 341
218 363
218 315
218 373
218 266
218 371
218 359
218 233
218 366
218 376
218 276
218 351
218 292
218 356
218 349
218 322
218 398
218 271
218 370
218 364
218 369
218 360
218 317
218 372
218 262
218 290
218 258
219 223
219 271
219 284
219 291
219 355
219 341
219 243
219 324
219 292
219 280
219 281
219 258
220 221
220 222
220 235
220 243
220 316
220 373
220 363
220 348
220 369
220 259
220 273
220 291
220 313
220 248
220 267
220 226
221 253
221 266
221 320
221 349
221 271
221 223
221 375
221 299
221 344
221 260
221 301
221 302
221 397
221 383
222 246
222 292
222 294
222 295
222 278
222 279
222 269
222 380
222 355
222 287
222 382
222 379
222 314
222 275
222 344
222 319
222 370
222 374
222 398
222 366
222 350
222 307
222 239
222 282
222 299
222 363
222 286
222 241
222 353
222 387
222 284
223 264
223 275
223 272
223 271
223 284
223 234
223 291
223 299
223 320
223 288
223 235
223 268
223 346
223 341
223 243
223 244
223 363
223 315
223 348
223 360
223 373
223 266
223 238
223 316
223 262
223 366
223 233
223 326
223 349
223 359
223 351
223 240
223 310
223 292
223 393
223 333
223 400
223 364
223 369
223 276
223 356
223 242
223 269
223 258
224 225
224 226
224 262
224 296
224 386
224 316
224 264
224 269
224 380
225 226
225 259
225 253
226 291
226 289
227 231
227 234
227 291
227 239
227 289
227 250
227 357
227 331
228 230
228 319
228 364
228 301
228 375
228 387
228 328
228 305
229 230
229 237
229 271
229 295
230 231
231 237
231 243
231 242
231 273
231 274
231 305
231 323
231 331
231 339
231 241
231 398
231 253
232 300
232 288
232 308
232 320
232 358
232 240
232 362
232 388
232 386
232 346
232 291
232 331
232 398
232 289
232 399
232 387
232 351
232 363
232 343
232 282
233 332
233 319
233 316
233 262
233 244
233 333
233 347
233 271
233 363
233 383
233 313
234 258
234 299
234 312
234 291
234 371
234 289
234 250
234 328
234 357
234 331
235 240
235 331
235 347
235 349
235 291
235 300
235 343
235 289
236 360
236 399
236 380
236 292
236 341
236 365
236 362
237 244
237 271
237 295
238 347
238 379
238 256
238 244
239 240
239 294
239 295
239 287
239 248
239 305
239 313
239 276
239 280
239 264
239 299
239 328
239 366
239 350
239 302
239 345
239 370
239 369
239 364
239 376
239 244
239 379
239 399
239 282
239 401
239 341
239 340
239 308
239 310
239 327
239 402
240 320
240 241
240 348
240 313
240 305
240 262
240 299
240 379
240 243
240 328
240 364
240 248
240 369
240 317
241 243
241 354
241 357
241 260
241 364
241 251
241 337
241 344
241 328
241 284
241 366
241 262
242 243
242 265
242 276
242 331
242 308
242 328
242 378
242 305
242 362
242 299
242 301
242 281
242 244
242 266
242 259
242 345
242 343
243 244
243 247
243 287
243 355
243 258
243 331
243 347
243 323
243 371
243 308
243 364
243 369
243 266
243 307
243 299
243 357
243 359
243 276
243 277
243 375
243 352
243 350
243 291
243 328
243 259
243 282
243 330
243 398
243 305
243 351
243 399
243 362
243 353
244 247
244 248
244 251
244 245
244 357
244 334
244 260
244 301
244 383
244 376
244 375
244 374
244 348
245 246
245 254
245 255
245 364
245 333
245 393
245 332
245 352
245 282
245 399
245 262
245 299
245 343
245 345
245 365
245 379
245 380
246 247
246 299
246 264
246 292
246 356
246 332
246 308
246 375
247 248
247 251
247 253
247 252
247 267
247 291
247 265
247 276
247 319
247 292
247 355
247 360
247 351
247 305
247 373
247 258
247 365
247 316
247 332
247 299
247 328
247 307
247 313
247 308
247 364
247 347
247 380
247 322
247 400
247 363
247 376
247 350
247 259
247 275
247 371
247 270
248 251
248 267
248 291
248 265
248 326
248 274
248 337
248 316
248 341
248 359
248 308
249 250
249 256
249 291
249 373
249 258
249 360
249 379
249 400
249 292
250 345
250 398
251 252
251 316
251 358
251 342
251 354
252 253
252 305
252 309
252 381
252 343
252 363
252 313
252 327
252 369
252 319
252 388
253 259
253 315
253 290
253 318
253 355
253 357
253 264
253 262
253 326
253 360
253 376
253 275
253 328
253 371
253 359
253 399
253 289
253 313
253 352
254 255
254 277
254 276
254 324
254 370
254 348
255 272
255 292
255 347
255 373
255 316
255 290
255 394
255 276
255 319
255 400
255 308
255 364
255 369
256 379
256 371
256 344
257 258
257 289
257 316
257 354
257 371
257 383
257 280
257 363
257 284
257 265
257 331
257 380
258 315
258 292
258 379
258 354
258 263
258 302
258 324
258 319
258 289
258 316
258 345
258 364
258 343
258 322
258 284
259 275
259 281
259 280
259 372
259 366
259 323
259 307
259 308
259 371
259 398
259 271
259 333
259 363
259 266
259 393
259 388
259 313
259 289
259 292
259 322
260 261
260 273
260 323
260 334
260 331
260 288
260 287
260 394
260 269
260 355
260 374
260 337
260 322
260 310
260 344
260 282
261 355
261 386
261 269
262 263
262 265
262 291
262 296
262 307
262 305
262 312
262 274
262 289
262 328
262 355
262 351
262 393
264 316
264 320
264 366
264 302
264 331
264 350
264 268
264 379
264 287
264 354
264 375
264 294
264 327
264 359
264 301
264 289
264 333
264 332
264 292
264 275
264 343
265 296
265 297
265 299
265 292
265 291
265 320
265 325
265 289
265 284
265 349
265 359
265 276
265 269
265 380
266 267
266 298
266 300
266 354
266 352
266 315
266 291
266 359
266 288
266 316
266 371
266 363
266 299
266 289
266 308
266 268
266 302
267 381
267 364
267 308
267 268
267 387
267 299
267 357
267 323
268 269
268 270
268 271
268 286
268 320
268 357
268 301
268 370
268 342
268 369
268 293
268 387
268 362
268 346
268 344
268 364
269 270
269 271
269 307
269 295
269 279
269 379
269 355
269 347
269 344
269 345
269 286
269 277
269 395
269 341
269 291
269 380
270 276
270 364
270 386
270 348
271 320
271 316
271 366
271 350
271 359
271 347
271 333
271 343
271 345
271 398
271 364
271 380
272 344
272 343
272 313
272 308
272 388
272 302
272 359
272 334
272 336
272 323
273 275
273 274
273 369
273 386
273 344
274 275
274 278
274 279
274 301
274 305
274 323
274 331
274 334
274 339
274 344
274 347
274 375
274 292
274 369
274 314
274 287
274 370
274 359
274 366
274 317
275 280
275 360
275 323
275 368
275 327
275 371
275 333
275 363
275 290
275 289
275 276
275 313
275 398
276 277
276 294
276 295
276 324
276 287
276 304
276 307
276 342
276 364
276 369
276 363
276 319
276 299
276 399
276 385
276 371
276 290
277 342
277 355
277 319
277 385
278 279
278 287
278 308
278 401
278 355
279 285
279 401
280 281
280 333
280 332
280 308
280 319
280 349
280 340
280 359
280 353
280 366
281 313
281 323
281 355
281 360
281 325
281 289
281 369
281 284
281 332
281 333
281 319
281 359
281 353
281 379
281 384
281 366
282 393
282 345
282 343
282 375
282 353
282 363
282 331
283 291
283 284
283 374
284 312
284 311
284 310
284 290
284 293
284 323
284 292
284 360
284 372
284 322
284 298
284 346
284 344
284 397
285 286
285 287
285 291
285 288
285 331
285 350
286 320
286 363
286 362
286 350
286 366
286 359
287 288
287 291
287 357
287 379
287 349
287 377
287 345
287 343
287 358
287 324
287 378
287 355
287 347
287 332
287 374
287 372
287 360
288 291
288 379
288 343
288 334
289 300
289 299
289 298
289 305
289 340
289 302
289 347
289 375
289 399
289 369
289 398
289 295
289 394
289 308
289 349
289 313
289 353
289 359
289 363
290 293
290 366
290 350
290 328
290 325
290 372
290 360
290 344
290 349
290 363
290 340
290 291
290 355
291 292
291 296
291 297
291 299
291 302
291 320
291 324
291 343
291 345
291 300
291 298
291 398
291 363
291 344
291 314
291 348
291 366
291 304
291 380
291 352
291 360
291 372
291 359
291 350
291 373
291 306
291 353
291 330
291 399
291 342
291 400
291 307
291 328
291 305
292 355
292 338
292 373
292 381
292 364
292 343
292 331
292 299
292 363
292 362
292 400
292 302
292 366
292 359
292 393
292 301
292 345
292 398
292 330
292 395
293 318
293 342
293 302
293 374
293 313
293 322
293 304
293 366
293 359
293 349
293 307
293 398
293 357
293 305
293 328
293 364
293 369
294 295
294 344
294 393
294 391
295 369
295 389
295 401
296 297
296 363
296 402
296 355
298 300
298 345
298 343
298 376
298 375
299 308
299 311
299 363
299 338
299 373
299 362
299 388
299 328
299 344
299 322
299 401
299 357
299 375
299 369
299 337
299 359
299 360
299 301
299 383
299 364
299 354
300 345
300 343
300 333
300 332
300 369
300 313
300 351
300 355
301 307
301 362
301 351
301 357
301 328
301 353
301 386
301 380
302 303
302 304
302 331
302 350
302 359
302 366
302 328
302 373
302 357
302 333
302 374
302 400
302 345
302 363
302 353
303 304
303 319
304 350
304 366
304 359
304 353
304 355
305 310
305 311
305 312
305 315
305 316
305 318
305 319
305 320
305 321
305 323
305 326
305 324
305 328
305 330
305 347
305 355
305 362
305 364
305 357
306 347
306 350
306 363
306 364
306 369
306 330
307 347
307 331
307 321
307 355
307 346
307 311
307 363
307 369
307 387
308 313
308 320
308 324
308 372
308 360
308 331
308 367
308 344
308 369
308 364
308 328
309 333
309 343
310 311
310 363
310 337
310 344
311 334
311 363
311 369
313 320
313 316
313 342
313 367
313 363
313 344
313 371
313 364
313 369
313 345
313 365
313 317
313 372
313 360
315 316
315 348
315 363
315 357
315 364
315 360
315 326
315 375
315 321
316 355
316 342
316 375
316 371
316 349
317 347
317 379
317 380
317 322
317 369
317 364
317 359
318 319
318 357
318 362
318 349
318 355
318 372
318 360
319 320
319 321
319 363
319 377
319 364
319 324
319 327
319 322
319 401
320 321
320 353
321 331
321 342
322 375
322 334
322 364
322 349
322 393
322 379
322 326
323 331
323 361
323 327
323 357
323 365
324 325
324 326
324 347
324 355
324 364
324 365
324 341
324 362
324 333
324 375
324 385
324 389
324 350
324 359
324 366
324 332
324 343
324 399
325 357
325 374
326 368
326 364
326 360
326 373
326 347
326 356
326 359
326 332
326 333
327 329
327 379
327 364
327 369
327 363
328 330
328 351
328 364
328 354
328 375
328 343
328 398
328 359
328 372
328 360
328 380
329 357
330 351
330 399
331 350
331 353
331 359
331 366
331 347
331 343
331 398
331 334
331 386
332 333
332 344
332 347
332 345
332 366
332 357
332 349
333 345
333 360
333 370
333 363
333 366
333 359
333 357
333 375
334 336
334 347
334 371
334 367
334 357
334 355
335 351
336 342
336 371
336 357
337 338
337 398
337 379
337 382
337 399
337 372
337 369
337 344
338 375
339 340
339 341
339 342
339 343
339 344
339 345
339 346
339 348
339 349
339 351
339 358
339 364
339 371
340 357
340 367
340 377
340 380
340 382
340 386
340 388
340 387
340 385
340 389
340 391
340 393
340 375
340 351
340 395
341 365
341 369
341 366
341 386
342 366
342 373
342 344
342 370
343 345
343 354
343 363
343 389
343 374
343 355
344 346
344 400
344 352
344 360
344 372
344 369
344 364
344 370
344 398
344 374
344 371
345 383
345 364
345 389
345 348
345 369
345 374
345 378
345 400
345 371
345 362
346 388
346 386
346 374
346 348
347 373
347 350
347 397
347 355
348 369
348 363
348 354
348 374
348 375
348 368
348 379
348 351
348 349
349 375
349 372
349 362
349 374
349 360
349 370
349 398
350 366
350 359
350 351
350 355
350 360
350 400
350 363
350 399
351 379
351 376
351 398
351 374
352 369
352 361
352 375
353 399
354 363
354 366
354 379
354 355
354 380
355 357
355 375
355 360
355 362
355 397
355 361
355 398
355 379
355 363
355 395
355 371
355 393
355 366
355 372
356 371
356 375
356 360
356 359
356 393
356 363
356 391
356 376
357 362
357 375
357 389
357 398
357 379
357 393
357 367
357 371
358 379
359 366
359 360
359 398
359 379
359 367
359 399
359 369
359 364
359 363
360 372
360 367
360 366
360 363
360 370
360 385
360 375
360 364
362 369
362 364
362 366
362 388
363 378
363 379
363 372
363 369
363 388
363 373
363 393
363 376
363 398
363 366
363 386
363 381
364 369
364 371
364 374
364 383
364 389
364 385
364 370
364 366
365 367
365 375
365 366
365 386
365 380
366 369
366 372
366 376
366 400
367 372
367 386
367 379
369 371
369 388
369 379
369 385
369 402
369 370
369 387
370 374
370 386
370 388
370 380
370 372
370 398
372 375
373 375
373 381
373 388
374 386
374 388
374 375
374 379
375 401
375 399
375 379
376 398
377 380
377 379
377 382
377 384
377 387
377 381
379 384
379 382
379 381
379 387
379 400
379 380
380 382
380 386
380 388
380 389
380 393
380 391
380 402
380 398
381 384
381 382
382 387
382 384
383 398
383 397
385 387
385 389
386 388
387 388
387 402
391 392
391 393
392 393
393 400
395 396
398 399
399 400
