2000
11779
0 1
0 2
0 3
0 4
0 6
0 7
0 19
0 20
0 40
0 74
0 94
0 99
0 122
0 177
0 186
0 200
0 304
0 322
0 536
0 660
0 663
0 717
0 722
0 836
0 858
0 881
0 939
0 993
0 1091
0 1147
0 1193
0 1273
0 1291
0 1468
0 1748
0 1824
0 1962
1 2
1 3
1 4
1 5
1 6
1 7
1 8
1 9
1 10
1 13
1 15
1 16
1 23
1 24
1 26
1 27
1 29
1 30
1 31
1 33
1 36
1 37
1 38
1 40
1 42
1 45
1 48
1 53
1 54
1 58
1 59
1 60
1 62
1 63
1 65
1 67
1 68
1 71
1 72
1 78
1 88
1 90
1 92
1 93
1 98
1 100
1 103
1 126
1 131
1 132
1 134
1 147
1 161
1 166
1 169
1 170
1 183
1 184
1 203
1 213
1 216
1 217
1 222
1 228
1 253
1 298
1 305
1 307
1 316
1 321
1 326
1 337
1 344
1 359
1 366
1 370
1 392
1 396
1 424
1 440
1 442
1 455
1 463
1 478
1 481
1 489
1 491
1 512
1 515
1 517
1 531
1 553
1 559
1 569
1 570
1 572
1 575
1 587
1 589
1 595
1 607
1 620
1 640
1 656
1 689
1 690
1 691
1 693
1 698
1 734
1 737
1 740
1 743
1 750
1 757
1 785
1 823
1 829
1 844
1 853
1 877
1 895
1 908
1 919
1 926
1 929
1 957
1 966
1 1007
1 1012
1 1019
1 1023
1 1039
1 1045
1 1089
1 1095
1 1106
1 1116
1 1125
1 1132
1 1140
1 1146
1 1148
1 1154
1 1163
1 1206
1 1219
1 1232
1 1233
1 1267
1 1269
1 1285
1 1297
1 1303
1 1354
1 1389
1 1408
1 1428
1 1430
1 1449
1 1453
1 1460
1 1473
1 1482
1 1483
1 1492
1 1567
1 1568
1 1582
1 1585
1 1608
1 1629
1 1651
1 1660
1 1693
1 1698
1 1720
1 1746
1 1758
1 1802
1 1807
1 1813
1 1815
1 1824
1 1847
1 1854
1 1873
1 1874
1 1889
1 1897
1 1899
1 1928
1 1949
1 1963
1 1969
1 1998
2 3
2 5
2 6
2 8
2 9
2 10
2 11
2 12
2 15
2 18
2 19
2 25
2 30
2 34
2 42
2 55
2 56
2 61
2 66
2 67
2 73
2 76
2 81
2 82
2 83
2 94
2 95
2 105
2 110
2 112
2 119
2 122
2 128
2 138
2 149
2 162
2 163
2 169
2 189
2 190
2 205
2 206
2 230
2 233
2 241
2 246
2 253
2 260
2 269
2 273
2 281
2 315
2 325
2 328
2 335
2 338
2 344
2 345
2 352
2 355
2 362
2 364
2 377
2 378
2 379
2 394
2 416
2 431
2 459
2 464
2 475
2 476
2 483
2 498
2 512
2 538
2 547
2 561
2 567
2 570
2 576
2 596
2 606
2 609
2 614
2 618
2 625
2 645
2 702
2 742
2 745
2 760
2 787
2 800
2 829
2 871
2 876
2 890
2 893
2 896
2 915
2 917
2 920
2 939
2 947
2 959
2 985
2 995
2 998
2 1023
2 1036
2 1048
2 1050
2 1056
2 1063
2 1067
2 1095
2 1096
2 1127
2 1145
2 1160
2 1207
2 1209
2 1308
2 1336
2 1338
2 1358
2 1366
2 1404
2 1437
2 1486
2 1510
2 1533
2 1544
2 1549
2 1552
2 1560
2 1579
2 1586
2 1592
2 1604
2 1607
2 1658
2 1686
2 1687
2 1692
2 1707
2 1732
2 1748
2 1780
2 1786
2 1807
2 1851
2 1855
2 1896
2 1918
2 1922
2 1934
2 1968
2 1977
3 4
3 5
3 6
3 7
3 8
3 9
3 10
3 11
3 12
3 13
3 14
3 16
3 17
3 18
3 20
3 21
3 22
3 23
3 24
3 25
3 26
3 27
3 39
3 40
3 43
3 45
3 47
3 48
3 49
3 50
3 51
3 53
3 58
3 63
3 64
3 68
3 70
3 71
3 72
3 81
3 84
3 85
3 92
3 94
3 97
3 105
3 106
3 107
3 112
3 115
3 116
3 119
3 123
3 124
3 125
3 127
3 130
3 131
3 136
3 139
3 142
3 145
3 146
3 148
3 150
3 151
3 152
3 153
3 159
3 177
3 181
3 185
3 186
3 189
3 192
3 196
3 212
3 213
3 214
3 216
3 222
3 227
3 230
3 241
3 254
3 257
3 263
3 273
3 275
3 288
3 305
3 310
3 318
3 326
3 336
3 342
3 345
3 346
3 352
3 354
3 356
3 366
3 369
3 375
3 376
3 377
3 397
3 400
3 416
3 426
3 427
3 428
3 434
3 437
3 453
3 469
3 477
3 506
3 514
3 529
3 534
3 536
3 538
3 541
3 553
3 557
3 586
3 619
3 630
3 633
3 657
3 682
3 709
3 711
3 723
3 744
3 746
3 750
3 759
3 768
3 776
3 796
3 809
3 816
3 818
3 828
3 839
3 844
3 847
3 854
3 859
3 864
3 872
3 898
3 910
3 923
3 934
3 938
3 939
3 962
3 975
3 1053
3 1065
3 1066
3 1071
3 1080
3 1085
3 1092
3 1098
3 1104
3 1112
3 1140
3 1147
3 1159
3 1166
3 1171
3 1199
3 1203
3 1205
3 1212
3 1218
3 1222
3 1228
3 1232
3 1248
3 1251
3 1262
3 1284
3 1288
3 1289
3 1294
3 1298
3 1302
3 1321
3 1328
3 1339
3 1351
3 1359
3 1395
3 1403
3 1413
3 1423
3 1426
3 1429
3 1433
3 1434
3 1450
3 1461
3 1467
3 1483
3 1495
3 1502
3 1511
3 1515
3 1525
3 1531
3 1537
3 1539
3 1557
3 1572
3 1584
3 1586
3 1612
3 1649
3 1655
3 1686
3 1708
3 1727
3 1734
3 1748
3 1780
3 1789
3 1791
3 1793
3 1804
3 1808
3 1809
3 1819
3 1830
3 1893
3 1899
3 1906
3 1922
3 1936
3 1937
3 1988
4 5
4 6
4 7
4 8
4 11
4 14
4 17
4 19
4 20
4 22
4 24
4 27
4 28
4 29
4 32
4 33
4 39
4 41
4 44
4 46
4 47
4 49
4 50
4 53
4 54
4 60
4 62
4 65
4 66
4 73
4 74
4 76
4 77
4 80
4 89
4 90
4 96
4 97
4 98
4 99
4 101
4 110
4 118
4 120
4 121
4 128
4 136
4 141
4 153
4 156
4 157
4 163
4 165
4 166
4 167
4 180
4 187
4 204
4 207
4 212
4 215
4 223
4 238
4 254
4 295
4 302
4 304
4 347
4 363
4 365
4 367
4 378
4 401
4 419
4 427
4 435
4 460
4 461
4 475
4 476
4 484
4 487
4 489
4 500
4 502
4 526
4 551
4 560
4 563
4 570
4 571
4 581
4 583
4 593
4 599
4 605
4 615
4 616
4 627
4 653
4 664
4 666
4 667
4 681
4 695
4 696
4 698
4 717
4 719
4 721
4 736
4 751
4 767
4 769
4 781
4 784
4 805
4 844
4 850
4 863
4 865
4 881
4 921
4 987
4 998
4 999
4 1006
4 1009
4 1016
4 1017
4 1026
4 1059
4 1060
4 1080
4 1110
4 1116
4 1159
4 1169
4 1218
4 1244
4 1254
4 1266
4 1269
4 1283
4 1295
4 1296
4 1298
4 1316
4 1332
4 1352
4 1407
4 1411
4 1412
4 1415
4 1427
4 1429
4 1441
4 1443
4 1446
4 1450
4 1458
4 1483
4 1503
4 1554
4 1557
4 1569
4 1570
4 1606
4 1646
4 1657
4 1669
4 1670
4 1682
4 1703
4 1738
4 1748
4 1766
4 1775
4 1816
4 1824
4 1835
4 1841
4 1860
4 1892
4 1913
4 1966
4 1977
4 1978
4 1984
5 6
5 7
5 9
5 10
5 11
5 12
5 14
5 22
5 25
5 31
5 35
5 38
5 41
5 44
5 51
5 61
5 62
5 64
5 65
5 68
5 75
5 79
5 82
5 85
5 86
5 88
5 91
5 93
5 98
5 100
5 102
5 111
5 112
5 116
5 117
5 123
5 134
5 136
5 140
5 145
5 160
5 166
5 172
5 173
5 179
5 181
5 182
5 184
5 193
5 204
5 236
5 248
5 251
5 273
5 276
5 283
5 288
5 304
5 317
5 320
5 348
5 357
5 362
5 386
5 400
5 435
5 439
5 454
5 468
5 470
5 496
5 500
5 503
5 507
5 509
5 523
5 525
5 529
5 539
5 561
5 594
5 595
5 606
5 607
5 608
5 644
5 692
5 694
5 773
5 791
5 792
5 812
5 833
5 935
5 964
5 968
5 1077
5 1116
5 1154
5 1157
5 1163
5 1165
5 1167
5 1180
5 1182
5 1183
5 1268
5 1286
5 1301
5 1305
5 1360
5 1361
5 1367
5 1395
5 1396
5 1398
5 1508
5 1553
5 1572
5 1580
5 1663
5 1668
5 1680
5 1722
5 1745
5 1758
5 1793
5 1845
5 1846
5 1940
6 7
6 10
6 11
6 17
6 21
6 30
6 31
6 40
6 41
6 43
6 45
6 46
6 65
6 69
6 80
6 107
6 109
6 111
6 114
6 118
6 137
6 139
6 158
6 167
6 174
6 180
6 188
6 198
6 200
6 209
6 217
6 221
6 229
6 239
6 240
6 260
6 261
6 293
6 297
6 308
6 324
6 383
6 405
6 406
6 420
6 422
6 443
6 445
6 454
6 457
6 460
6 471
6 473
6 504
6 506
6 513
6 528
6 545
6 581
6 609
6 623
6 638
6 671
6 708
6 715
6 720
6 735
6 744
6 774
6 776
6 817
6 832
6 839
6 864
6 870
6 949
6 961
6 1002
6 1022
6 1060
6 1069
6 1095
6 1130
6 1184
6 1188
6 1191
6 1212
6 1216
6 1234
6 1317
6 1334
6 1360
6 1461
6 1466
6 1469
6 1488
6 1533
6 1572
6 1604
6 1619
6 1626
6 1636
6 1667
6 1672
6 1755
6 1784
6 1810
6 1821
6 1853
6 1906
6 1992
7 13
7 17
7 19
7 27
7 28
7 29
7 32
7 36
7 48
7 57
7 69
7 70
7 77
7 80
7 93
7 113
7 117
7 122
7 126
7 145
7 148
7 168
7 172
7 193
7 200
7 215
7 222
7 227
7 232
7 243
7 248
7 262
7 279
7 292
7 313
7 363
7 364
7 380
7 402
7 411
7 414
7 419
7 424
7 460
7 461
7 508
7 511
7 512
7 518
7 527
7 550
7 560
7 564
7 565
7 585
7 591
7 598
7 600
7 622
7 636
7 643
7 646
7 647
7 663
7 681
7 699
7 704
7 716
7 720
7 729
7 730
7 773
7 795
7 814
7 820
7 847
7 895
7 906
7 991
7 1138
7 1168
7 1170
7 1190
7 1193
7 1219
7 1229
7 1231
7 1290
7 1349
7 1426
7 1485
7 1492
7 1500
7 1515
7 1527
7 1580
7 1706
7 1713
7 1715
7 1787
7 1792
7 1808
7 1847
7 1849
7 1857
7 1891
7 1951
8 9
8 10
8 12
8 15
8 16
8 18
8 24
8 26
8 33
8 34
8 38
8 51
8 52
8 56
8 57
8 59
8 61
8 68
8 81
8 84
8 87
8 92
8 101
8 109
8 116
8 132
8 140
8 143
8 156
8 162
8 182
8 195
8 246
8 249
8 271
8 277
8 300
8 310
8 312
8 315
8 316
8 338
8 401
8 408
8 413
8 450
8 452
8 524
8 539
8 549
8 622
8 625
8 679
8 686
8 755
8 758
8 769
8 790
8 819
8 857
8 880
8 908
8 921
8 923
8 925
8 964
8 1045
8 1101
8 1146
8 1207
8 1256
8 1269
8 1275
8 1279
8 1347
8 1348
8 1355
8 1364
8 1400
8 1411
8 1468
8 1479
8 1481
8 1523
8 1539
8 1546
8 1564
8 1592
8 1598
8 1604
8 1608
8 1611
8 1616
8 1641
8 1664
8 1689
8 1727
8 1760
8 1788
8 1834
8 1843
8 1856
8 1875
8 1882
8 1890
8 1900
8 1903
8 1961
8 1972
8 1985
8 1995
9 11
9 14
9 15
9 18
9 21
9 23
9 26
9 30
9 31
9 34
9 42
9 55
9 60
9 79
9 85
9 90
9 143
9 149
9 168
9 171
9 181
9 184
9 190
9 203
9 205
9 213
9 221
9 228
9 230
9 232
9 237
9 244
9 252
9 256
9 265
9 270
9 287
9 299
9 321
9 333
9 351
9 358
9 361
9 372
9 380
9 402
9 409
9 442
9 455
9 464
9 465
9 524
9 540
9 549
9 559
9 561
9 564
9 602
9 610
9 639
9 670
9 697
9 715
9 759
9 779
9 782
9 785
9 843
9 856
9 875
9 904
9 989
9 1024
9 1054
9 1062
9 1073
9 1082
9 1095
9 1164
9 1181
9 1192
9 1213
9 1222
9 1270
9 1274
9 1302
9 1304
9 1306
9 1331
9 1334
9 1361
9 1366
9 1399
9 1406
9 1416
9 1423
9 1473
9 1479
9 1507
9 1539
9 1562
9 1569
9 1623
9 1643
9 1660
9 1882
9 1929
9 1959
9 1982
10 12
10 13
10 15
10 16
10 20
10 23
10 24
10 30
10 42
10 52
10 56
10 72
10 76
10 78
10 82
10 83
10 84
10 95
10 102
10 108
10 109
10 111
10 115
10 116
10 125
10 128
10 134
10 145
10 155
10 159
10 169
10 183
10 190
10 192
10 194
10 195
10 199
10 204
10 211
10 218
10 225
10 239
10 255
10 257
10 258
10 259
10 262
10 267
10 270
10 275
10 283
10 291
10 294
10 315
10 323
10 327
10 343
10 395
10 447
10 467
10 471
10 487
10 515
10 554
10 556
10 577
10 580
10 597
10 620
10 710
10 753
10 761
10 775
10 795
10 826
10 827
10 842
10 879
10 917
10 922
10 956
10 961
10 1027
10 1033
10 1058
10 1087
10 1129
10 1133
10 1144
10 1250
10 1271
10 1272
10 1388
10 1394
10 1417
10 1425
10 1476
10 1493
10 1501
10 1575
10 1664
10 1690
10 1744
10 1769
10 1803
10 1818
10 1911
10 1968
10 1983
10 1984
10 1989
11 12
11 14
11 15
11 17
11 19
11 21
11 27
11 28
11 32
11 34
11 35
11 45
11 50
11 66
11 69
11 74
11 106
11 114
11 121
11 139
11 159
11 161
11 163
11 238
11 330
11 339
11 394
11 440
11 455
11 603
11 659
11 696
11 737
11 791
11 865
11 911
11 1151
11 1159
11 1188
11 1256
11 1259
11 1265
11 1314
11 1325
11 1335
11 1450
11 1494
11 1630
11 1675
11 1717
11 1736
11 1825
11 1905
11 1909
12 13
12 18
12 61
12 83
12 84
12 85
12 95
12 108
12 111
12 127
12 130
12 132
12 135
12 163
12 209
12 241
12 312
12 315
12 343
12 399
12 423
12 498
12 539
12 548
12 659
12 662
12 669
12 723
12 754
12 780
12 804
12 913
12 922
12 925
12 928
12 938
12 955
12 1007
12 1030
12 1076
12 1149
12 1271
12 1343
12 1371
12 1455
12 1568
12 1622
12 1695
12 1717
12 1783
12 1861
12 1957
13 17
13 26
13 27
13 32
13 36
13 37
13 39
13 57
13 58
13 63
13 69
13 83
13 85
13 88
13 89
13 96
13 104
13 105
13 124
13 125
13 131
13 135
13 153
13 158
13 170
13 192
13 198
13 200
13 211
13 226
13 232
13 258
13 264
13 266
13 267
13 280
13 285
13 291
13 297
13 298
13 327
13 371
13 381
13 410
13 419
13 446
13 457
13 460
13 494
13 569
13 572
13 629
13 648
13 658
13 659
13 679
13 734
13 778
13 780
13 804
13 805
13 819
13 828
13 840
13 845
13 852
13 884
13 894
13 913
13 992
13 1020
13 1030
13 1053
13 1065
13 1073
13 1076
13 1079
13 1087
13 1104
13 1125
13 1173
13 1201
13 1222
13 1241
13 1243
13 1248
13 1351
13 1361
13 1381
13 1427
13 1463
13 1472
13 1478
13 1490
13 1500
13 1513
13 1614
13 1624
13 1625
13 1704
13 1713
13 1870
13 1904
13 1932
13 1980
14 22
14 25
14 35
14 39
14 44
14 51
14 63
14 75
14 76
14 79
14 104
14 140
14 178
14 193
14 218
14 235
14 244
14 273
14 305
14 317
14 318
14 330
14 377
14 463
14 508
14 523
14 532
14 651
14 694
14 737
14 778
14 789
14 822
14 837
14 885
14 942
14 984
14 999
14 1024
14 1083
14 1131
14 1153
14 1156
14 1157
14 1167
14 1186
14 1230
14 1435
14 1487
14 1495
14 1496
14 1637
14 1671
14 1718
14 1768
14 1781
14 1804
14 1825
14 1978
15 16
15 19
15 20
15 28
15 34
15 37
15 38
15 52
15 59
15 67
15 73
15 93
15 149
15 154
15 188
15 189
15 234
15 237
15 245
15 258
15 260
15 265
15 269
15 271
15 274
15 286
15 309
15 316
15 322
15 329
15 358
15 359
15 370
15 375
15 378
15 385
15 391
15 413
15 425
15 441
15 455
15 459
15 505
15 513
15 554
15 625
15 630
15 682
15 683
15 736
15 740
15 758
15 762
15 790
15 847
15 862
15 866
15 916
15 929
15 966
15 1079
15 1093
15 1144
15 1204
15 1215
15 1252
15 1262
15 1337
15 1369
15 1377
15 1410
15 1419
15 1432
15 1481
15 1497
15 1542
15 1550
15 1551
15 1597
15 1694
15 1765
15 1840
15 1844
15 1886
15 1911
15 1940
15 1945
15 1988
16 20
16 24
16 37
16 48
16 51
16 59
16 140
16 154
16 225
16 254
16 262
16 269
16 274
16 391
16 488
16 532
16 534
16 654
16 844
16 867
16 880
16 945
16 980
16 1007
16 1041
16 1075
16 1089
16 1202
16 1419
16 1421
16 1457
16 1501
16 1732
16 1862
16 1928
17 21
17 26
17 32
17 36
17 37
17 39
17 41
17 43
17 44
17 48
17 49
17 52
17 62
17 66
17 71
17 73
17 75
17 78
17 81
17 86
17 87
17 91
17 101
17 102
17 110
17 119
17 125
17 137
17 143
17 144
17 150
17 151
17 154
17 163
17 174
17 176
17 194
17 196
17 200
17 201
17 202
17 207
17 222
17 225
17 231
17 291
17 292
17 307
17 314
17 355
17 364
17 368
17 380
17 381
17 397
17 404
17 429
17 432
17 437
17 462
17 465
17 472
17 491
17 492
17 502
17 504
17 529
17 533
17 577
17 585
17 641
17 644
17 652
17 657
17 725
17 746
17 788
17 809
17 834
17 846
17 864
17 869
17 884
17 896
17 931
17 952
17 959
17 970
17 993
17 1000
17 1001
17 1031
17 1139
17 1176
17 1185
17 1217
17 1233
17 1235
17 1237
17 1259
17 1261
17 1316
17 1317
17 1326
17 1363
17 1376
17 1406
17 1418
17 1452
17 1531
17 1536
17 1546
17 1548
17 1553
17 1577
17 1595
17 1629
17 1630
17 1665
17 1667
17 1730
17 1754
17 1799
17 1836
17 1848
17 1869
17 1981
17 1985
18 21
18 25
18 55
18 56
18 123
18 127
18 129
18 130
18 138
18 175
18 209
18 244
18 312
18 332
18 390
18 392
18 402
18 458
18 482
18 517
18 537
18 559
18 609
18 632
18 804
18 813
18 825
18 851
18 925
18 928
18 981
18 1009
18 1021
18 1048
18 1098
18 1102
18 1150
18 1177
18 1227
18 1304
18 1313
18 1342
18 1419
18 1434
18 1472
18 1484
18 1541
18 1567
18 1585
18 1622
18 1648
18 1650
18 1666
18 1717
19 28
19 66
19 73
19 74
19 83
19 114
19 133
19 161
19 185
19 234
19 241
19 265
19 330
19 393
19 413
19 499
19 538
19 540
19 663
19 699
19 711
19 712
19 733
19 753
19 770
19 795
19 799
19 841
19 867
19 890
19 963
19 983
19 990
19 1020
19 1090
19 1207
19 1247
19 1386
19 1492
19 1503
19 1705
19 1730
19 1832
19 1839
19 1840
19 1914
20 22
20 84
20 99
20 136
20 164
20 177
20 186
20 331
20 335
20 337
20 500
20 579
20 660
20 674
20 722
20 756
20 775
20 858
20 885
20 1144
20 1181
20 1330
20 1357
20 1382
20 1388
20 1419
20 1421
20 1444
20 1464
20 1471
20 1501
20 1586
20 1609
20 1655
20 1732
20 1898
20 1911
21 23
21 69
21 123
21 127
21 137
21 339
21 392
21 394
21 445
21 454
21 472
21 537
21 559
21 603
21 632
21 708
21 783
21 793
21 818
21 1001
21 1022
21 1025
21 1085
21 1180
21 1191
21 1242
21 1270
21 1302
21 1335
21 1747
21 1839
21 1901
21 1915
21 1966
21 1992
22 25
22 35
22 47
22 60
22 64
22 70
22 82
22 84
22 97
22 104
22 121
22 153
22 156
22 157
22 176
22 177
22 220
22 235
22 250
22 256
22 257
22 271
22 273
22 281
22 330
22 335
22 376
22 443
22 444
22 544
22 579
22 593
22 626
22 645
22 655
22 702
22 717
22 741
22 756
22 783
22 784
22 789
22 806
22 808
22 881
22 885
22 920
22 1121
22 1152
22 1154
22 1159
22 1172
22 1189
22 1383
22 1459
22 1550
22 1552
22 1859
23 72
23 222
23 257
23 396
23 818
23 829
23 1025
23 1222
23 1270
23 1284
23 1331
23 1915
24 101
24 183
24 194
24 225
24 294
24 307
24 490
24 862
24 930
24 987
24 1040
24 1272
24 1298
24 1536
24 1567
24 1621
24 1826
25 35
25 51
25 91
25 104
25 138
25 175
25 195
25 218
25 276
25 312
25 395
25 444
25 463
25 471
25 636
25 702
25 764
25 778
25 794
25 1013
25 1243
25 1309
25 1323
25 1585
25 1688
25 1919
25 1922
26 31
26 33
26 36
26 37
26 43
26 52
26 53
26 57
26 58
26 61
26 62
26 96
26 103
26 141
26 143
26 155
26 156
26 168
26 171
26 238
26 247
26 252
26 296
26 297
26 333
26 351
26 360
26 361
26 398
26 399
26 504
26 521
26 529
26 542
26 546
26 562
26 569
26 572
26 599
26 642
26 689
26 738
26 739
26 779
26 797
26 805
26 809
26 865
26 873
26 890
26 934
26 946
26 955
26 1010
26 1017
26 1022
26 1030
26 1054
26 1070
26 1110
26 1124
26 1210
26 1211
26 1239
26 1241
26 1292
26 1353
26 1355
26 1373
26 1409
26 1494
26 1500
26 1507
26 1514
26 1585
26 1608
26 1624
26 1637
26 1656
26 1731
26 1763
26 1819
26 1900
26 1920
26 1941
26 1986
27 29
27 32
27 45
27 47
27 49
27 50
27 80
27 88
27 105
27 106
27 108
27 121
27 126
27 135
27 144
27 162
27 168
27 173
27 206
27 215
27 217
27 234
27 266
27 277
27 295
27 306
27 351
27 356
27 372
27 405
27 410
27 440
27 464
27 515
27 550
27 596
27 638
27 641
27 674
27 675
27 688
27 712
27 722
27 807
27 840
27 932
27 947
27 982
27 1032
27 1048
27 1054
27 1105
27 1115
27 1132
27 1141
27 1153
27 1173
27 1187
27 1199
27 1206
27 1215
27 1216
27 1230
27 1306
27 1322
27 1339
27 1368
27 1383
27 1431
27 1489
27 1492
27 1654
27 1669
27 1693
27 1737
27 1770
27 1810
27 1858
27 1950
27 1975
28 34
28 74
28 77
28 89
28 113
28 159
28 166
28 172
28 179
28 207
28 242
28 245
28 258
28 316
28 359
28 368
28 388
28 396
28 531
28 593
28 696
28 699
28 712
28 714
28 728
28 844
28 938
28 990
28 991
28 1047
28 1072
28 1162
28 1362
28 1448
28 1500
28 1503
28 1581
28 1658
28 1681
28 1708
28 1709
28 1715
28 1730
28 1860
28 1926
28 1944
28 1995
29 47
29 96
29 117
29 126
29 144
29 217
29 223
29 229
29 234
29 272
29 303
29 356
29 531
29 576
29 646
29 688
29 722
29 771
29 790
29 963
29 1032
29 1413
29 1566
29 1781
29 1864
29 1872
29 1885
30 42
30 67
30 90
30 109
30 158
30 169
30 181
30 190
30 205
30 219
30 253
30 269
30 282
30 327
30 335
30 370
30 382
30 418
30 535
30 549
30 637
30 686
30 689
30 693
30 707
30 770
30 795
30 797
30 895
30 896
30 915
30 967
30 1015
30 1073
30 1235
30 1296
30 1329
30 1358
30 1370
30 1416
30 1512
30 1572
30 1878
30 1910
30 1963
31 38
31 40
31 41
31 42
31 45
31 46
31 53
31 118
31 147
31 155
31 198
31 208
31 220
31 253
31 290
31 324
31 351
31 424
31 439
31 451
31 573
31 606
31 715
31 739
31 856
31 858
31 878
31 906
31 954
31 1063
31 1088
31 1136
31 1519
31 1608
31 1679
31 1704
31 1720
31 1802
31 1838
32 80
32 105
32 108
32 113
32 120
32 135
32 163
32 173
32 232
32 280
32 313
32 424
32 430
32 460
32 469
32 490
32 515
32 575
32 668
32 695
32 932
32 947
32 1011
32 1016
32 1082
32 1151
32 1159
32 1175
32 1187
32 1240
32 1282
32 1314
32 1690
32 1759
32 1811
33 36
33 57
33 68
33 87
33 90
33 92
33 100
33 109
33 161
33 164
33 214
33 296
33 393
33 401
33 403
33 450
33 487
33 640
33 921
33 1014
33 1042
33 1061
33 1119
33 1166
33 1209
33 1239
33 1647
33 1651
34 162
34 245
34 431
34 466
34 524
34 622
34 696
34 755
34 782
34 821
34 857
34 911
34 931
34 1088
34 1334
34 1366
34 1467
34 1546
34 1569
34 1613
34 1616
34 1774
34 1909
34 1944
34 1995
35 91
35 317
35 471
35 737
35 791
35 935
35 1165
35 1309
35 1663
35 1721
35 1846
35 1905
35 1942
36 57
36 70
36 100
36 122
36 164
36 193
36 267
36 291
36 296
36 333
36 364
36 368
36 371
36 387
36 420
36 467
36 478
36 511
36 569
36 571
36 587
36 598
36 651
36 679
36 683
36 701
36 743
36 877
36 919
36 1014
36 1041
36 1042
36 1152
36 1190
36 1366
36 1458
36 1515
36 1920
37 39
37 44
37 48
37 55
37 58
37 62
37 87
37 104
37 141
37 143
37 154
37 165
37 171
37 178
37 197
37 207
37 310
37 322
37 337
37 370
37 375
37 385
37 408
37 433
37 442
37 452
37 457
37 478
37 556
37 575
37 621
37 623
37 684
37 685
37 725
37 734
37 778
37 817
37 846
37 847
37 865
37 893
37 946
37 965
37 1028
37 1046
37 1079
37 1102
37 1204
37 1215
37 1245
37 1436
37 1447
37 1463
37 1469
37 1490
37 1494
37 1619
37 1698
37 1710
37 1779
37 1794
37 1842
37 1956
37 1969
37 1985
38 40
38 46
38 54
38 59
38 67
38 77
38 93
38 103
38 124
38 132
38 166
38 179
38 183
38 188
38 246
38 249
38 264
38 276
38 316
38 365
38 383
38 384
38 404
38 439
38 449
38 480
38 481
38 501
38 510
38 524
38 526
38 567
38 583
38 626
38 656
38 672
38 673
38 690
38 902
38 919
38 926
38 958
38 1039
38 1059
38 1088
38 1139
38 1186
38 1207
38 1276
38 1288
38 1408
38 1432
38 1455
38 1521
38 1570
38 1571
38 1618
38 1641
38 1650
38 1721
38 1724
38 1745
38 1762
38 1845
38 1897
38 1942
38 1954
39 44
39 63
39 104
39 200
39 211
39 298
39 427
39 452
39 494
39 629
39 802
39 817
39 822
39 999
39 1130
39 1156
39 1261
39 1435
39 1518
39 1535
39 1646
39 1808
39 1849
39 1916
40 46
40 54
40 77
40 103
40 107
40 114
40 183
40 233
40 252
40 290
40 297
40 308
40 449
40 501
40 514
40 524
40 536
40 672
40 857
40 861
40 872
40 875
40 928
40 960
40 979
40 984
40 1033
40 1189
40 1286
40 1300
40 1333
40 1340
40 1397
40 1501
40 1573
40 1620
40 1644
40 1720
40 1933
41 43
41 46
41 54
41 66
41 79
41 98
41 101
41 111
41 138
41 151
41 157
41 187
41 198
41 201
41 217
41 240
41 247
41 250
41 261
41 278
41 279
41 292
41 293
41 302
41 311
41 324
41 328
41 356
41 361
41 362
41 367
41 420
41 474
41 530
41 560
41 568
41 580
41 605
41 623
41 638
41 665
41 692
41 747
41 831
41 861
41 886
41 922
41 995
41 1010
41 1023
41 1026
41 1096
41 1109
41 1123
41 1165
41 1192
41 1345
41 1373
41 1397
41 1412
41 1488
41 1520
41 1533
41 1595
41 1626
41 1735
41 1793
41 1831
41 1909
41 1918
42 60
42 67
42 76
42 94
42 147
42 219
42 284
42 328
42 382
42 468
42 523
42 590
42 667
42 703
42 748
42 766
42 795
42 800
42 912
42 914
42 937
42 998
42 1036
42 1066
42 1069
42 1329
42 1644
42 1732
42 1821
42 1968
43 52
43 71
43 75
43 106
43 119
43 150
43 201
43 203
43 217
43 231
43 247
43 250
43 279
43 343
43 366
43 465
43 628
43 719
43 738
43 950
43 978
43 999
43 1053
43 1139
43 1165
43 1258
43 1297
43 1433
43 1439
43 1452
43 1462
43 1777
44 65
44 76
44 120
44 123
44 143
44 146
44 197
44 354
44 448
44 475
44 520
44 523
44 552
44 685
44 742
44 772
44 952
44 1001
44 1028
44 1329
44 1602
44 1642
44 1757
44 1790
44 1934
45 50
45 65
45 118
45 126
45 167
45 170
45 188
45 191
45 228
45 229
45 268
45 308
45 405
45 650
45 675
45 713
45 1151
45 1208
45 1334
45 1371
45 1608
45 1704
45 1777
45 1890
46 54
46 77
46 79
46 80
46 99
46 129
46 133
46 142
46 151
46 167
46 174
46 240
46 243
46 290
46 302
46 340
46 363
46 383
46 387
46 457
46 489
46 535
46 609
46 624
46 869
46 875
46 887
46 888
46 969
46 1015
46 1088
46 1136
46 1139
46 1237
46 1275
46 1277
46 1304
46 1311
46 1325
46 1356
46 1379
46 1502
46 1519
46 1620
46 1656
46 1812
46 1990
47 49
47 50
47 64
47 96
47 117
47 144
47 156
47 157
47 206
47 210
47 285
47 289
47 302
47 303
47 306
47 319
47 321
47 348
47 349
47 373
47 376
47 453
47 481
47 506
47 544
47 563
47 596
47 626
47 655
47 664
47 666
47 674
47 699
47 762
47 771
47 810
47 850
47 905
47 943
47 948
47 963
47 997
47 1021
47 1058
47 1062
47 1117
47 1164
47 1225
47 1289
47 1341
47 1344
47 1387
47 1395
47 1412
47 1445
47 1513
47 1516
47 1582
47 1639
47 1751
47 1830
47 1858
47 1903
47 1930
47 1983
48 49
48 55
48 78
48 86
48 107
48 130
48 144
48 174
48 216
48 222
48 242
48 300
48 307
48 311
48 319
48 332
48 342
48 415
48 421
48 556
48 640
48 656
48 788
48 847
48 1012
48 1111
48 1255
48 1326
48 1363
48 1490
48 1508
48 1523
48 1524
48 1534
48 1629
48 1659
48 1786
48 1923
48 1986
48 1992
49 78
49 81
49 107
49 130
49 139
49 206
49 210
49 277
49 286
49 329
49 342
49 415
49 426
49 479
49 514
49 545
49 774
49 854
49 908
49 1098
49 1123
49 1508
49 1534
49 1541
49 1557
49 1584
49 1588
49 1639
49 1665
49 1676
49 1740
49 1939
49 1973
49 1988
50 53
50 64
50 72
50 106
50 126
50 146
50 302
50 321
50 751
50 1071
50 1151
50 1203
50 1208
50 1382
50 1489
50 1506
50 1516
50 1630
50 1734
51 75
51 140
51 218
51 235
51 254
51 277
51 278
51 288
51 301
51 313
51 456
51 522
51 694
51 700
51 880
51 984
51 1097
51 1131
51 1200
51 1357
51 1414
51 1457
51 1495
51 1587
51 1804
51 1953
52 56
52 150
52 203
52 247
52 398
52 408
52 413
52 432
52 472
52 504
52 628
52 749
52 1124
52 1211
52 1237
52 1394
52 1476
52 1531
52 1609
52 1611
52 1834
52 1946
52 1993
53 72
53 92
53 103
53 131
53 155
53 208
53 220
53 245
53 253
53 268
53 275
53 324
53 344
53 412
53 441
53 521
53 573
53 606
53 615
53 617
53 677
53 687
53 730
53 760
53 764
53 765
53 773
53 792
53 818
53 873
53 897
53 1036
53 1049
53 1056
53 1200
53 1284
53 1312
53 1392
53 1646
53 1673
53 1719
53 1726
53 1943
54 79
54 98
54 99
54 129
54 132
54 138
54 175
54 183
54 278
54 436
54 439
54 449
54 489
54 718
54 1237
54 1304
54 1356
54 1379
54 1499
54 1517
54 1614
54 1682
54 1758
54 1766
55 56
55 58
55 216
55 298
55 394
55 402
55 412
55 442
55 491
55 556
55 559
55 690
55 759
55 841
55 925
55 1352
55 1370
55 1484
55 1556
55 1560
55 1673
55 1710
55 1782
55 1842
55 1865
55 1885
56 195
56 267
56 284
56 394
56 408
56 412
56 609
56 688
56 925
56 1009
56 1021
56 1394
56 1673
56 1798
57 61
57 69
57 70
57 87
57 89
57 243
57 249
57 267
57 279
57 292
57 384
57 393
57 562
57 600
57 635
57 643
57 648
57 739
57 819
57 1004
57 1074
57 1149
57 1191
57 1239
57 1893
58 297
58 298
58 337
58 893
58 1010
58 1148
58 1210
58 1243
58 1253
58 1292
58 1440
58 1565
58 1700
58 1710
58 1761
58 1819
58 1842
58 1900
59 188
59 271
59 385
59 497
59 769
59 1093
59 1641
59 1689
59 1856
59 1928
59 1952
60 121
60 136
60 153
60 164
60 203
60 228
60 235
60 270
60 331
60 347
60 438
60 484
60 589
60 974
60 1276
60 1315
60 1611
60 1722
60 1859
61 156
61 273
61 300
61 452
61 476
61 516
61 562
61 563
61 809
61 819
61 939
61 1182
61 1564
61 1668
62 87
62 171
62 178
62 385
62 399
62 408
62 607
62 623
62 786
62 821
62 1436
62 1594
62 1603
62 1741
62 1926
63 131
63 227
63 305
63 572
63 586
63 687
63 822
63 975
63 987
63 1024
63 1248
63 1808
64 68
64 70
64 82
64 86
64 115
64 146
64 160
64 173
64 213
64 214
64 223
64 274
64 304
64 321
64 348
64 349
64 382
64 417
64 453
64 493
64 602
64 644
64 653
64 706
64 724
64 727
64 777
64 803
64 842
64 850
64 855
64 882
64 930
64 971
64 1029
64 1047
64 1062
64 1140
64 1164
64 1212
64 1319
64 1324
64 1402
64 1491
64 1506
64 1632
64 1779
64 1800
64 1838
64 1877
64 1953
65 123
65 146
65 167
65 170
65 268
65 308
65 475
65 552
65 600
65 650
65 675
65 742
65 767
65 1446
65 1485
65 1570
65 1757
65 1777
65 1841
65 1890
66 73
66 101
66 102
66 157
66 357
66 492
66 582
66 595
66 692
66 824
66 993
66 1000
66 1010
66 1031
66 1059
66 1136
66 1258
66 1270
66 1292
66 1375
66 1437
66 1665
66 1778
66 1817
66 1833
66 1845
67 71
67 93
67 219
67 253
67 282
67 284
67 328
67 389
67 404
67 468
67 626
67 630
67 654
67 667
67 680
67 705
67 707
67 710
67 740
67 758
67 873
67 929
67 1015
67 1043
67 1066
67 1205
67 1252
67 1376
67 1377
67 1698
67 1829
67 1965
68 86
68 136
68 185
68 348
68 386
68 417
68 882
68 883
68 1044
68 1158
68 1448
68 1694
68 1796
69 89
69 243
69 262
69 339
69 384
69 410
69 445
69 508
69 560
69 591
69 648
69 793
69 843
69 901
69 966
69 1040
69 1283
69 1317
69 1465
69 1713
69 1883
70 82
70 115
70 122
70 176
70 177
70 215
70 279
70 281
70 333
70 334
70 382
70 443
70 611
70 634
70 645
70 647
70 655
70 716
70 733
70 756
70 759
70 803
70 958
70 961
70 1120
70 1261
70 1264
70 1293
70 1374
70 1431
70 1454
70 1590
70 1860
70 1964
70 1979
71 75
71 106
71 196
71 225
71 343
71 719
71 929
71 952
71 999
71 1085
71 1217
71 1514
71 1529
71 1749
71 1841
71 1897
71 1994
72 78
72 92
72 142
72 148
72 152
72 216
72 551
72 555
72 610
72 827
72 909
72 1071
72 1177
72 1285
72 1394
72 1690
72 1737
73 83
73 102
73 110
73 133
73 180
73 204
73 206
73 212
73 234
73 260
73 309
73 334
73 350
73 357
73 513
73 519
73 568
73 596
73 703
73 735
73 736
73 745
73 757
73 770
73 799
73 820
73 893
73 1009
73 1059
73 1071
73 1208
73 1424
73 1486
73 1498
73 1522
73 1542
73 1555
73 1578
73 1631
73 1632
73 1759
73 1840
73 1934
74 114
74 159
74 712
74 881
74 938
74 1091
74 1256
74 1325
74 1427
74 1681
74 1905
75 119
75 140
75 154
75 178
75 225
75 288
75 295
75 301
75 343
75 468
75 503
75 507
75 533
75 597
75 746
75 833
75 869
75 1183
75 1230
75 1287
75 1298
75 1301
75 1341
75 1380
75 1395
75 1529
75 1652
75 1805
75 1907
76 94
76 120
76 128
76 416
76 483
76 523
76 547
76 771
76 912
76 1069
76 1143
76 1227
76 1378
76 1765
76 1977
77 89
77 97
77 103
77 113
77 124
77 148
77 172
77 219
77 227
77 246
77 252
77 276
77 290
77 320
77 453
77 499
77 601
77 714
77 820
77 941
77 979
77 1089
77 1097
77 1139
77 1239
77 1318
77 1475
77 1545
77 1616
77 1640
77 1928
77 1954
78 86
78 91
78 107
78 139
78 202
78 226
78 300
78 341
78 346
78 486
78 552
78 581
78 588
78 640
78 642
78 670
78 754
78 803
78 827
78 832
78 969
78 1035
78 1118
78 1255
78 1285
78 1354
78 1369
78 1597
78 1652
78 1757
78 1851
78 1923
78 1992
79 99
79 133
79 149
79 151
79 175
79 197
79 202
79 243
79 244
79 263
79 278
79 318
79 325
79 340
79 349
79 360
79 374
79 418
79 430
79 438
79 532
79 535
79 561
79 568
79 860
79 907
79 1180
79 1397
79 1502
79 1679
79 1691
79 1734
79 1973
80 108
80 113
80 118
80 120
80 141
80 167
80 168
80 174
80 201
80 208
80 254
80 260
80 306
80 323
80 339
80 341
80 406
80 407
80 430
80 470
80 506
80 564
80 583
80 624
80 667
80 676
80 728
80 766
80 800
80 838
80 853
80 887
80 901
80 949
80 1013
80 1054
80 1075
80 1141
80 1145
80 1197
80 1215
80 1236
80 1249
80 1255
80 1264
80 1308
80 1387
80 1389
80 1524
80 1620
80 1656
80 1738
80 1749
80 1753
80 1820
80 1876
80 1982
81 105
81 116
81 151
81 246
81 280
81 342
81 345
81 355
81 369
81 494
81 584
81 652
81 745
81 776
81 789
81 827
81 923
81 936
81 1080
81 1092
81 1098
81 1209
81 1265
81 1367
81 1372
81 1426
81 1446
81 1450
81 1489
81 1511
81 1544
81 1665
81 1712
81 1731
81 1794
81 1820
81 1829
81 1888
82 95
82 102
82 115
82 155
82 169
82 176
82 199
82 251
82 427
82 444
82 446
82 606
82 702
82 787
82 803
82 940
82 956
82 996
82 1005
82 1084
82 1198
82 1345
82 1470
82 1493
82 1503
82 1509
82 1632
82 1662
82 1674
82 1911
83 108
83 110
83 133
83 180
83 185
83 192
83 199
83 241
83 275
83 281
83 345
83 413
83 495
83 499
83 503
83 516
83 568
83 607
83 753
83 848
83 874
83 894
83 1004
83 1030
83 1057
83 1068
83 1092
83 1113
83 1124
83 1260
83 1336
83 1343
83 1574
83 1578
83 1601
83 1610
83 1702
83 1705
83 1785
83 1870
83 1925
83 1996
84 95
84 97
84 134
84 212
84 256
84 294
84 326
84 375
84 414
84 428
84 488
84 539
84 723
84 741
84 849
84 881
84 953
84 985
84 1006
84 1121
84 1172
84 1416
84 1589
84 1622
84 1655
84 1823
84 1898
84 1964
85 100
85 124
85 127
85 135
85 170
85 189
85 198
85 283
85 285
85 318
85 398
85 541
85 898
85 910
85 1087
85 1205
85 1423
85 1540
85 1568
85 1861
85 1937
85 1965
86 91
86 125
86 137
86 144
86 160
86 194
86 242
86 272
86 311
86 332
86 374
86 386
86 417
86 562
86 653
86 724
86 1000
86 1008
86 1103
86 1158
86 1406
86 1836
86 1877
87 178
87 207
87 249
87 310
87 393
87 397
87 433
87 527
87 725
87 821
87 988
87 1004
87 1093
87 1100
87 1313
87 1577
87 1603
87 1893
88 162
88 400
88 437
88 621
88 734
88 823
88 1125
88 1132
88 1163
88 1216
88 1401
89 97
89 128
89 165
89 166
89 172
89 179
89 191
89 219
89 242
89 251
89 290
89 331
89 350
89 365
89 384
89 407
89 410
89 421
89 501
89 542
89 601
89 619
89 660
89 901
89 933
89 966
89 1006
89 1047
89 1187
89 1220
89 1456
89 1614
89 1683
89 1748
89 1836
89 1895
90 181
90 184
90 213
90 256
90 287
90 570
90 689
90 895
90 967
90 977
90 1178
90 1538
90 1631
90 1635
90 1681
90 1713
90 1976
91 125
91 202
91 276
91 437
91 471
91 935
91 1243
91 1851
92 109
92 142
92 161
92 182
92 192
92 214
92 275
92 289
92 344
92 369
92 403
92 553
92 555
92 566
92 624
92 633
92 677
92 846
92 902
92 908
92 954
92 981
92 1134
92 1246
92 1297
92 1354
92 1451
92 1543
92 1647
92 1962
92 1995
93 98
93 117
93 147
93 160
93 182
93 210
93 224
93 340
93 404
93 411
93 414
93 565
93 630
93 691
93 707
93 853
93 906
93 976
93 1043
93 1055
93 1094
93 1168
93 1405
93 1430
93 1432
93 1699
93 1813
93 1831
93 1940
93 1988
94 112
94 122
94 355
94 362
94 416
94 429
94 482
94 523
94 706
94 748
94 939
94 1036
94 1169
94 1374
94 1746
94 1962
95 111
95 134
95 155
95 211
95 218
95 259
95 338
95 395
95 414
95 612
95 752
95 753
95 859
95 899
95 1011
95 1250
95 1914
96 117
96 141
96 165
96 223
96 229
96 238
96 289
96 360
96 400
96 461
96 481
96 509
96 543
96 586
96 666
96 697
96 805
96 811
96 986
96 1030
96 1070
96 1409
96 1445
96 1557
96 1623
96 1649
96 1772
96 1782
96 1788
96 1875
96 1961
97 128
97 191
97 212
97 219
97 248
97 251
97 256
97 294
97 350
97 428
97 499
97 519
97 544
97 616
97 855
97 1081
97 1159
97 1185
97 1429
97 1537
97 1547
97 1589
97 1723
97 1725
97 1871
97 1895
97 1970
98 134
98 138
98 147
98 160
98 187
98 293
98 493
98 530
98 620
98 736
98 802
98 886
98 932
98 1266
98 1412
98 1576
98 1682
98 1746
99 129
99 133
99 142
99 149
99 175
99 177
99 196
99 197
99 231
99 239
99 304
99 322
99 374
99 432
99 436
99 439
99 449
99 500
99 555
99 574
99 590
99 604
99 653
99 680
99 718
99 751
99 755
99 798
99 836
99 1117
99 1251
99 1269
99 1321
99 1410
99 1606
99 1618
99 1633
99 1691
99 1728
99 1775
99 1880
99 1938
100 112
100 164
100 283
100 288
100 420
100 434
100 478
100 539
100 541
100 543
100 640
100 737
100 781
100 812
100 822
100 854
100 964
100 968
100 1061
100 1152
100 1199
100 1351
100 1360
100 1390
100 1460
100 1491
100 1540
100 1605
100 1615
100 1920
100 1930
101 692
101 921
101 987
101 1031
101 1258
101 1292
101 1437
101 1665
102 115
102 116
102 236
102 251
102 357
102 444
102 446
102 492
102 582
102 595
102 703
102 824
102 910
102 1084
102 1198
102 1236
102 1725
103 124
103 131
103 252
103 412
103 449
103 615
103 687
103 730
103 861
103 984
103 1039
103 1239
103 1318
103 1397
103 1399
103 1455
103 1474
103 1475
103 1585
103 1721
103 1933
103 1956
104 211
104 444
104 452
104 457
104 463
104 478
104 569
104 789
104 802
104 837
104 845
104 992
104 1189
104 1381
104 1688
105 119
105 135
105 187
105 336
105 345
105 346
105 367
105 460
105 745
105 1173
105 1228
105 1294
105 1383
105 1427
105 1549
105 1586
105 1692
105 1741
105 1820
105 1824
105 1846
105 1919
106 366
106 619
106 1085
106 1258
106 1489
106 1494
106 1547
106 1893
107 114
107 130
107 139
107 226
107 233
107 255
107 282
107 286
107 300
107 329
107 346
107 379
107 426
107 431
107 448
107 462
107 479
107 486
107 495
107 504
107 581
107 649
107 657
107 776
107 777
107 782
107 830
107 832
107 864
107 872
107 943
107 960
107 1051
107 1104
107 1130
107 1195
107 1234
107 1286
107 1316
107 1327
107 1350
107 1363
107 1435
107 1584
107 1619
107 1987
107 1997
108 173
108 199
108 351
108 490
108 554
108 874
108 1057
108 1084
108 1146
108 1179
108 1215
108 1260
108 1306
108 1364
108 1496
108 1638
109 158
109 182
109 209
109 239
109 270
109 327
109 336
109 403
109 405
109 535
109 566
109 676
109 679
109 707
109 708
109 826
109 902
109 1042
109 1077
109 1166
109 1285
109 1661
109 1774
109 1803
109 1835
109 1850
109 1853
109 1879
109 1921
109 1999
110 180
110 204
110 206
110 233
110 345
110 377
110 495
110 503
110 695
110 935
110 1096
110 1316
110 1368
110 1445
110 1447
110 1733
110 1785
110 1871
111 211
111 261
111 283
111 343
111 353
111 362
111 411
111 423
111 467
111 507
111 558
111 580
111 665
111 922
111 1012
111 1132
111 1172
111 1381
111 1391
111 1422
111 1826
111 1998
112 288
112 355
112 482
112 543
112 567
112 706
112 781
112 1309
112 1390
113 120
113 148
113 201
113 208
113 313
113 402
113 407
113 518
113 522
113 564
113 714
113 786
113 806
113 876
113 941
113 1035
113 1138
113 1196
113 1231
113 1500
113 1947
113 1976
114 161
114 233
114 282
114 297
114 379
114 393
114 422
114 462
114 495
114 504
114 514
114 574
114 649
114 650
114 671
114 673
114 704
114 799
114 918
114 1125
114 1175
114 1327
114 1573
114 1790
115 382
115 759
115 958
115 1084
115 1212
115 1236
115 1289
115 1491
115 1493
115 1725
116 204
116 236
116 310
116 342
116 557
116 625
116 686
116 923
116 1182
116 1248
116 1271
116 1400
116 1647
117 172
117 182
117 289
117 303
117 319
117 320
117 357
117 373
117 414
117 470
117 810
117 976
117 1094
117 1286
117 1409
117 1772
117 1872
117 1902
117 1929
118 141
118 180
118 188
118 191
118 240
118 378
118 390
118 502
118 513
118 545
118 551
118 635
118 664
118 715
118 800
118 856
118 968
118 975
118 1063
118 1069
118 1213
118 1626
118 1751
118 1784
118 1823
118 1861
118 1991
119 154
119 231
119 295
119 336
119 352
119 364
119 644
119 765
119 891
119 931
119 991
119 1063
119 1321
119 1376
119 1380
119 1817
119 1837
119 1931
119 1948
120 201
120 339
120 430
120 435
120 448
120 469
120 612
120 685
120 763
120 806
120 907
120 949
120 952
120 983
120 1067
120 1075
120 1174
120 1195
120 1253
120 1423
120 1440
120 1558
120 1578
120 1602
120 1642
120 1773
120 1938
120 1976
121 215
121 238
121 335
121 337
121 440
121 571
121 598
121 1199
121 1254
121 1736
121 1858
121 1859
122 193
122 215
122 333
122 334
122 387
122 388
122 492
122 622
122 743
122 941
122 1037
122 1112
122 1120
122 1264
122 1962
123 127
123 129
123 146
123 520
123 600
123 1434
124 153
124 158
124 170
124 186
124 226
124 237
124 246
124 264
124 381
124 397
124 473
124 583
124 898
124 956
124 1061
124 1072
124 1239
124 1288
124 1365
124 1459
124 1463
124 1590
124 1616
124 1721
125 137
125 145
125 150
125 176
125 258
125 314
125 323
125 374
125 436
125 474
125 577
125 620
125 682
125 693
125 828
125 970
125 1027
125 1119
125 1438
125 1487
125 1525
125 1997
126 405
126 646
126 712
126 1019
127 129
127 189
127 392
127 938
127 1066
127 1232
127 1509
127 1568
127 1666
128 165
128 190
128 205
128 248
128 477
128 483
128 616
128 771
128 829
128 855
128 887
128 973
128 1137
128 1147
128 1234
128 1379
128 1949
128 1970
129 439
129 1304
129 1614
130 209
130 241
130 244
130 286
130 314
130 332
130 448
130 496
130 498
130 517
130 649
130 662
130 768
130 782
130 788
130 814
130 1149
130 1210
130 1224
130 1257
130 1277
130 1303
130 1470
130 1534
130 1580
130 1764
130 1785
130 1973
131 227
131 412
131 572
131 615
131 687
131 749
131 796
131 878
131 1065
131 1314
131 1789
131 1956
132 312
132 399
132 928
132 1098
132 1313
132 1347
132 1414
132 1598
132 1758
133 142
133 149
133 185
133 196
133 239
133 243
133 387
133 438
133 770
133 888
133 912
133 969
133 1280
133 1578
133 1707
133 1981
134 184
134 305
134 395
134 414
134 440
134 454
134 496
134 612
134 694
134 740
134 741
134 842
134 899
134 1233
134 1424
134 1617
134 1889
135 187
135 198
135 367
135 658
135 659
135 780
135 947
135 1016
135 1153
135 1322
135 1478
135 1714
136 164
136 185
136 348
136 484
136 529
136 589
136 883
136 974
136 1116
136 1382
136 1448
136 1520
136 1611
136 1796
137 176
137 374
137 436
137 462
137 472
137 474
137 693
137 708
137 725
137 783
137 1000
137 1103
137 1185
137 1217
137 1235
137 1438
137 1670
137 1711
138 175
138 195
138 293
138 395
138 458
138 482
138 493
138 521
138 592
138 601
138 611
138 618
138 636
138 698
138 702
138 764
138 811
138 914
138 981
138 1048
138 1123
138 1145
138 1263
138 1472
138 1476
138 1482
138 1549
138 1640
138 1707
138 1752
138 1950
139 226
139 255
139 341
139 479
139 552
139 588
139 1027
139 1188
139 1441
139 1736
139 1772
139 1873
139 1906
139 1939
140 193
140 236
140 277
140 278
140 296
140 301
140 503
140 508
140 509
140 651
140 678
140 684
140 848
140 880
140 1153
140 1230
140 1367
141 165
141 238
141 254
141 400
141 403
141 406
141 470
141 502
141 509
141 635
141 697
141 766
141 800
141 811
141 853
141 865
141 934
141 936
141 968
141 1355
141 1731
141 1819
141 1894
141 1956
141 1961
142 148
142 192
142 230
142 239
142 263
142 287
142 289
142 387
142 432
142 456
142 466
142 555
142 630
142 666
142 721
142 904
142 909
142 980
142 986
142 1044
142 1177
142 1221
142 1266
142 1272
142 1294
142 1727
142 1773
142 1924
142 1970
142 1972
142 1999
143 168
143 197
143 354
143 846
143 955
143 1001
143 1619
144 174
144 194
144 234
144 242
144 266
144 272
144 404
144 421
144 445
144 520
144 562
144 596
144 614
144 638
144 641
144 872
144 963
144 1111
144 1317
144 1336
144 1368
144 1523
144 1548
144 1583
144 1600
145 150
145 152
145 159
145 181
145 224
145 255
145 480
145 643
145 773
145 889
145 992
145 1330
145 1386
145 1420
145 1936
146 213
146 223
146 520
146 600
146 742
146 863
146 1203
146 1218
146 1461
146 1506
146 1897
147 160
147 210
147 424
147 455
147 547
147 589
147 591
147 616
147 620
147 672
147 691
147 866
147 886
147 937
147 948
147 1008
147 1019
147 1038
147 1055
147 1198
147 1203
147 1281
147 1484
147 1558
147 1576
147 1699
148 152
148 227
148 230
148 320
148 453
148 522
148 527
148 610
148 631
148 666
148 859
148 892
148 898
148 904
148 941
148 1177
148 1196
148 1262
148 1299
148 1326
148 1863
148 1870
148 1902
149 189
149 196
149 231
149 237
149 299
149 358
149 374
149 438
149 555
149 680
149 682
149 860
149 912
149 1113
149 1437
149 1618
149 1623
149 1668
149 1854
149 1898
149 1959
149 1981
150 152
150 203
150 224
150 416
150 432
150 485
150 486
150 548
150 682
150 796
150 889
150 1112
150 1452
150 1955
151 355
151 568
151 641
151 657
151 776
151 1156
151 1251
151 1489
151 1630
151 1730
152 216
152 224
152 416
152 485
152 551
152 610
152 746
152 750
152 859
152 1299
152 1386
152 1394
152 1425
152 1444
152 1456
152 1737
152 1791
152 1870
153 158
153 186
153 235
153 237
153 250
153 259
153 347
153 397
153 438
153 446
153 447
153 485
153 557
153 566
153 705
153 741
153 784
153 807
153 934
153 956
153 1080
153 1276
153 1378
153 1459
153 1544
153 1550
153 1641
153 1874
154 269
154 286
154 295
154 322
154 425
154 479
154 488
154 597
154 823
154 869
154 1075
154 1109
154 1337
154 1341
154 1369
154 1376
154 1591
154 1684
154 1685
154 1697
154 1699
154 1869
154 1933
155 169
155 199
155 208
155 218
155 245
155 518
155 521
155 617
155 642
155 658
155 739
155 858
155 878
155 890
155 954
155 1003
155 1005
155 1134
155 1135
155 1284
155 1345
155 1392
155 1913
155 1987
156 157
156 220
156 257
156 285
156 300
156 422
156 563
156 582
156 593
156 699
156 769
156 809
156 905
156 1131
156 1355
156 1442
156 1532
156 1561
156 1645
156 1733
156 1778
156 1978
157 220
157 285
157 544
157 560
157 719
157 783
157 997
157 1010
157 1270
157 1387
157 1552
157 1626
157 1848
157 1954
158 186
158 209
158 221
158 259
158 264
158 327
158 446
158 708
158 761
158 797
158 801
158 1042
158 1155
158 1358
158 1365
158 1522
158 1556
158 1572
158 1636
158 1716
158 1850
158 1910
158 1927
159 255
159 480
159 487
159 643
159 1256
159 1290
159 1936
160 173
160 210
160 224
160 340
160 386
160 525
160 616
160 724
160 777
160 1008
160 1055
160 1077
160 1319
160 1384
160 1542
160 1800
161 214
161 330
161 393
161 553
161 574
161 841
161 1386
161 1430
161 1651
161 1684
162 266
162 338
162 431
162 464
162 466
162 576
162 622
162 732
162 804
162 821
162 1173
162 1216
162 1401
162 1607
162 1613
162 1669
163 498
163 548
163 659
163 742
163 913
163 955
163 1171
163 1265
163 1955
164 331
164 420
164 921
164 974
164 1351
164 1357
164 1382
164 1520
164 1530
165 365
165 400
165 403
165 407
165 585
165 685
165 936
165 972
165 998
165 1060
165 1355
165 1498
165 1583
165 1784
165 1795
165 1894
166 179
166 207
166 249
166 264
166 368
166 388
166 435
166 476
166 481
166 526
166 567
166 595
166 605
166 696
166 750
166 833
166 1006
166 1047
166 1099
166 1187
166 1220
166 1359
166 1473
166 1565
166 1708
166 1761
166 1798
166 1989
167 363
167 583
167 624
167 675
167 767
167 869
167 916
167 1015
167 1238
167 1325
167 1334
167 1405
167 1548
167 1659
168 171
168 358
168 484
168 550
168 565
168 720
168 955
168 1054
168 1105
168 1114
168 1115
168 1184
168 1862
168 1929
168 1951
169 199
169 335
169 344
169 427
169 459
169 617
169 658
169 661
169 727
169 874
169 892
169 956
169 996
169 1049
169 1235
169 1470
169 1503
169 1795
169 1866
170 226
170 228
170 268
170 285
170 381
170 398
170 483
170 489
170 648
170 713
170 1002
170 1072
170 1328
170 1361
170 1459
171 252
171 358
171 372
171 385
171 399
171 409
171 484
171 540
171 550
171 594
171 668
171 813
171 946
171 989
171 994
171 1017
171 1194
171 1534
171 1571
171 1606
171 1939
172 179
172 248
172 331
172 363
172 433
172 558
172 601
172 942
172 1107
172 1162
172 1279
172 1282
172 1291
173 304
173 351
173 372
173 490
173 500
173 515
173 525
173 575
173 668
173 724
173 777
173 1011
173 1068
173 1141
173 1146
173 1167
173 1274
173 1421
173 1542
173 1553
173 1634
173 1690
173 1756
173 1806
173 1810
173 1833
173 1868
174 260
174 307
174 319
174 341
174 383
174 404
174 445
174 491
174 536
174 579
174 720
174 1108
174 1111
174 1461
174 1583
174 1801
175 195
175 197
175 202
175 263
175 299
175 312
175 349
175 430
175 436
175 458
175 511
175 534
175 574
175 611
175 613
175 791
175 962
175 1013
175 1155
175 1436
175 1549
175 1559
176 281
176 314
176 436
176 462
176 577
176 702
176 717
176 940
176 961
176 1090
176 1119
176 1431
177 655
177 858
178 235
178 301
178 313
178 408
178 456
178 725
178 738
178 821
178 942
178 1050
178 1100
178 1313
178 1469
178 1627
178 1741
178 1978
179 242
179 249
179 331
179 433
179 619
179 833
179 1059
179 1162
179 1571
179 1658
179 1683
179 1715
179 1836
180 378
180 495
180 513
180 519
180 581
180 607
180 631
180 662
180 721
180 935
180 1016
180 1110
180 1216
180 1220
180 1311
180 1445
180 1632
180 1913
181 184
181 205
181 221
181 232
181 265
181 309
181 371
181 967
181 1062
181 1160
181 1178
181 1512
181 1538
181 1631
181 1643
181 1705
181 1767
181 1976
182 320
182 679
182 846
182 902
182 981
182 1661
182 1803
182 1843
182 1879
183 194
183 307
183 359
183 490
183 515
183 524
183 726
183 930
183 1133
183 1143
183 1307
183 1536
183 1621
183 1666
183 1847
184 256
184 265
184 305
184 454
184 463
184 608
184 792
184 843
184 1178
184 1681
184 1713
185 753
185 1343
185 1448
186 237
186 259
186 660
186 705
186 756
186 807
186 1330
186 1365
186 1522
186 1586
186 1609
186 1881
187 367
187 530
187 592
187 599
187 736
187 784
187 802
187 840
187 932
187 1005
187 1016
187 1017
187 1192
187 1211
187 1458
187 1560
187 1692
187 1922
188 191
188 229
188 240
188 384
188 385
188 390
188 406
188 473
188 497
188 1014
188 1212
188 1551
188 1685
188 1743
188 1765
188 1884
189 318
189 354
189 376
189 682
189 826
189 1066
189 1437
189 1509
189 1584
189 1854
189 1868
190 205
190 230
190 315
190 389
190 477
190 549
190 770
190 779
190 787
190 915
190 1164
190 1692
190 1776
191 248
191 251
191 390
191 501
191 660
191 905
191 973
191 1213
191 1432
191 1480
191 1504
191 1615
191 1628
191 1725
191 1871
192 263
192 287
192 289
192 303
192 327
192 369
192 391
192 423
192 466
192 510
192 553
192 573
192 578
192 637
192 798
192 894
192 913
192 944
192 976
192 1044
192 1124
192 1332
192 1338
192 1477
192 1543
192 1802
192 1968
192 1972
193 236
193 387
193 388
193 467
193 492
193 511
193 525
193 613
193 730
193 1162
193 1527
193 1598
193 1808
194 272
194 520
194 614
194 1272
194 1406
194 1548
194 1621
194 1666
194 1826
195 267
195 284
195 317
195 395
195 401
195 447
195 521
195 611
195 618
195 794
195 851
195 911
195 1058
195 1337
195 1664
196 231
196 912
196 1410
197 202
197 299
197 325
197 354
197 360
197 1028
197 1155
197 1619
197 1653
197 1654
197 1698
198 293
198 361
198 528
198 658
198 1087
199 275
199 427
199 554
199 617
199 661
199 710
199 727
199 874
199 892
199 1003
199 1005
199 1068
199 1179
199 1320
199 1449
199 1521
199 1610
199 1633
199 1638
199 1676
199 1702
199 1745
199 1971
200 494
200 884
200 1079
200 1130
200 1201
200 1261
201 208
201 247
201 292
201 306
201 311
201 323
201 339
201 347
201 353
201 415
201 417
201 450
201 652
201 806
201 831
201 835
201 861
201 876
201 886
201 950
201 959
201 979
201 1078
201 1139
201 1246
201 1253
201 1308
201 1315
201 1345
201 1349
201 1353
201 1439
201 1510
201 1520
201 1777
201 1797
201 1886
202 263
202 299
202 325
202 418
202 437
202 534
202 1223
202 1436
202 1653
202 1851
203 228
203 670
203 1213
203 1389
203 1693
203 1762
204 212
204 334
204 695
204 863
204 1271
204 1733
205 221
205 309
205 477
205 701
205 829
205 995
205 1137
205 1234
205 1379
205 1416
205 1512
206 210
206 233
206 277
206 306
206 373
206 410
206 596
206 854
206 943
206 1025
206 1339
206 1555
207 310
207 368
207 397
207 476
207 531
207 593
207 805
207 849
207 1093
207 1099
207 1283
207 1310
207 1463
207 1896
207 1985
208 220
208 245
208 268
208 306
208 407
208 518
208 858
208 876
208 1036
208 1389
208 1673
208 1838
209 221
209 244
209 443
209 496
209 662
209 754
209 788
209 804
209 814
209 851
209 927
209 1271
209 1340
209 1343
209 1716
209 1771
209 1850
209 1957
210 224
210 373
210 386
210 616
210 854
210 1055
210 1281
211 283
211 298
211 353
211 411
211 541
211 665
211 819
211 882
211 1471
211 1628
212 294
212 326
212 334
212 352
212 923
212 953
212 1009
212 1071
212 1296
212 1537
212 1823
213 214
213 223
213 274
213 493
213 639
213 669
213 815
213 825
213 863
213 927
213 967
213 1218
213 1223
213 1228
213 1319
213 1335
213 1339
213 1530
213 1554
213 1602
213 1642
213 1838
213 1879
214 274
214 639
214 855
214 927
214 1398
214 1596
214 1647
214 1967
215 295
215 419
215 571
215 598
215 622
215 647
215 713
215 974
215 1034
215 1112
215 1120
215 1126
215 1127
215 1174
215 1293
215 1324
215 1413
216 491
216 551
216 1012
216 1370
216 1456
216 1504
216 1865
217 250
217 261
217 328
217 474
217 528
217 531
217 533
217 576
217 688
217 790
217 924
217 1230
217 1295
217 1385
217 1392
217 1492
217 1526
217 1566
217 1912
217 1947
218 259
218 338
218 556
218 778
218 960
218 984
219 284
219 290
219 382
219 389
219 499
219 544
219 654
219 703
219 933
219 1089
220 257
220 422
220 573
220 1442
220 1552
220 1561
221 232
221 309
221 371
221 443
221 701
221 716
221 732
221 763
221 1060
221 1160
221 1404
221 1466
221 1705
221 1716
221 1927
222 326
222 366
222 380
222 392
222 396
222 834
222 971
222 1039
222 1065
222 1106
222 1238
222 1363
223 229
223 272
223 458
223 461
223 493
223 815
223 863
223 1047
223 1415
223 1657
223 1867
224 340
224 386
224 889
224 1386
224 1430
224 1511
224 1770
225 262
225 291
225 294
225 533
225 761
225 794
225 862
225 952
225 1040
225 1259
225 1273
225 1388
225 1514
225 1529
225 1617
226 255
226 341
226 381
226 473
226 486
226 648
226 1002
226 1035
226 1441
226 1772
226 1873
227 320
227 687
227 796
227 820
227 878
227 892
227 975
227 1097
227 1166
227 1240
227 1545
227 1863
228 270
228 489
228 517
228 639
228 670
228 713
228 900
228 1328
228 1722
228 1813
229 272
229 406
229 458
229 629
229 1685
229 1901
230 389
230 512
230 570
230 602
230 630
230 666
230 909
230 980
230 1262
230 1294
230 1593
230 1945
231 465
231 644
231 765
231 780
231 891
231 991
231 1038
231 1380
231 1410
231 1462
231 1633
231 1667
231 1767
231 1931
232 280
232 419
232 1625
232 1705
233 282
233 514
233 673
234 266
234 309
234 350
234 1048
234 1587
234 1600
235 250
235 271
235 456
235 694
235 738
235 747
235 942
235 1133
235 1154
235 1276
235 1357
235 1495
235 1912
236 1182
236 1647
236 1722
236 1814
237 299
237 358
237 409
237 705
237 1844
238 360
238 509
238 542
238 586
238 634
238 689
238 824
238 865
238 1736
239 270
239 336
239 405
239 432
239 471
239 751
239 839
239 1285
239 1347
239 1664
240 302
240 609
240 623
240 1626
241 281
241 314
241 325
241 413
241 723
241 768
241 890
241 1004
241 1020
241 1257
241 1470
241 1663
241 1764
242 311
242 421
242 562
242 603
242 656
242 972
242 1193
242 1372
242 1593
242 1952
243 262
243 292
243 340
243 648
243 704
243 969
243 1170
243 1396
243 1465
243 1883
243 1891
244 318
244 332
244 390
244 496
244 498
244 825
244 927
244 997
244 1024
244 1032
244 1192
244 1210
244 1231
244 1322
244 1825
245 258
245 268
245 396
245 459
245 518
245 773
245 834
245 944
245 1029
245 1111
245 1135
245 1284
245 1555
245 1944
246 276
246 280
246 365
246 526
246 583
246 919
246 936
246 1061
246 1183
246 1209
246 1265
246 1308
246 1372
246 1468
246 1575
246 1604
246 1985
247 279
247 398
247 472
247 546
247 599
247 628
247 738
247 810
247 950
247 965
247 978
247 1053
247 1297
247 1345
247 1353
247 1797
247 1946
248 363
248 558
248 814
248 837
248 855
248 973
248 1107
248 1185
248 1580
248 1715
248 1725
248 1771
249 264
249 383
249 1059
249 1618
249 1893
250 261
250 271
250 528
250 741
250 747
250 1165
250 1323
250 1579
250 1874
251 350
251 421
251 444
251 501
251 519
251 537
251 542
251 815
251 905
251 1318
251 1462
251 1532
251 1674
251 1700
251 1857
252 333
252 540
252 861
252 979
252 1181
252 1340
253 269
253 282
253 324
253 418
253 441
253 451
253 475
253 587
253 1026
253 1056
253 1122
253 1391
254 406
254 534
254 744
254 838
254 989
254 1013
254 1400
254 1495
254 1612
254 1766
255 480
255 487
255 597
255 729
255 1129
255 1441
255 1736
256 287
256 380
256 428
256 488
256 881
256 897
256 977
256 985
256 1006
256 1224
256 1681
257 422
257 582
257 593
257 828
257 903
257 1244
257 1621
257 1887
258 316
258 323
258 396
258 459
258 728
258 929
258 1072
258 1448
258 1818
258 1997
259 338
259 556
259 807
259 960
259 1033
259 1087
259 1250
259 1522
259 1769
259 1881
260 341
260 378
260 379
260 506
260 579
260 728
260 735
260 736
260 760
260 774
260 866
260 871
260 893
260 1221
260 1415
260 1498
260 1543
260 1694
260 1753
260 1828
260 1925
260 1935
260 1991
261 328
261 420
261 528
261 1323
261 1579
262 291
262 508
262 580
262 794
262 843
262 1883
263 287
263 303
263 349
263 456
263 511
263 530
263 534
263 613
263 709
263 721
263 871
263 889
263 1194
263 1223
263 1266
263 1346
263 1478
263 1535
263 1727
263 1744
263 1834
263 1941
264 383
264 480
264 567
264 902
264 1463
264 1565
264 1989
265 359
265 441
265 604
265 843
265 990
265 1062
265 1082
265 1710
265 1840
265 1891
266 464
266 641
266 675
266 732
266 804
266 840
266 982
266 1048
266 1176
266 1241
266 1336
266 1475
266 1566
266 1587
266 1600
266 1811
267 284
267 317
267 401
267 447
267 688
268 308
268 773
268 834
268 1036
268 1111
268 1200
268 1312
268 1371
268 1516
269 274
269 286
269 329
269 370
269 475
269 479
269 488
269 505
269 587
269 632
269 654
269 700
269 762
269 775
269 867
269 883
269 996
269 1026
269 1051
269 1091
269 1109
269 1137
269 1202
269 1278
269 1299
269 1465
269 1591
269 1612
269 1815
269 1822
269 1883
269 1918
269 1948
270 336
270 639
270 826
270 1034
270 1575
270 1722
270 1813
271 747
271 758
271 769
271 880
271 964
271 1101
271 1133
271 1256
271 1279
271 1364
272 458
272 520
272 629
272 1867
273 330
273 476
273 1186
273 1383
273 1637
273 1668
274 391
274 532
274 639
274 654
274 669
274 855
274 884
274 967
274 980
274 1041
274 1530
274 1724
274 1838
274 1967
275 344
275 624
275 663
275 710
275 1134
275 1245
275 1521
275 1610
275 1745
276 365
276 1650
276 1867
277 278
277 296
277 410
277 425
277 700
277 1414
277 1969
278 296
278 301
278 425
278 522
278 584
278 671
278 700
278 793
278 852
278 860
278 994
278 1122
278 1135
278 1200
278 1397
278 1564
278 1682
278 1969
278 1973
279 643
279 716
279 978
279 1433
279 1590
279 1979
280 936
280 1468
280 1625
280 1712
281 325
281 443
281 611
281 634
281 645
281 961
281 1214
281 1579
281 1592
281 1764
281 1908
281 1917
282 379
282 418
282 673
282 918
282 1015
283 353
283 539
283 541
283 822
283 899
283 1028
283 1930
283 1940
283 1998
284 317
284 389
284 680
284 688
284 703
284 766
284 911
284 937
284 1821
285 398
285 483
285 588
285 1278
285 1361
285 1789
285 1904
286 329
286 431
286 448
286 479
286 505
286 632
286 700
286 768
286 973
286 1277
286 1303
286 1316
286 1337
286 1612
286 1815
286 1863
287 303
287 380
287 456
287 465
287 530
287 573
287 944
287 977
287 1044
287 1346
287 1399
288 434
288 468
288 543
288 1287
288 1491
288 1605
289 369
289 391
289 423
289 451
289 466
289 481
289 543
289 798
289 940
289 1021
289 1246
289 1338
289 1375
289 1740
289 1772
289 1930
289 1970
290 875
290 928
290 933
290 1089
290 1136
290 1254
290 1275
291 371
291 381
291 429
291 502
291 580
291 701
291 726
291 794
291 864
291 877
291 879
291 1128
291 1366
291 1417
291 1880
291 1881
292 311
292 347
292 415
292 434
292 600
292 635
292 704
292 729
292 950
292 959
292 995
292 1074
292 1083
292 1129
292 1190
292 1197
292 1229
292 1287
292 1442
292 1595
292 1728
292 1735
292 1754
292 1909
293 324
293 356
293 361
293 493
293 528
293 698
293 811
293 1109
293 1293
293 1672
294 761
294 862
294 953
294 1250
294 1273
294 1281
295 419
295 597
295 713
295 823
295 1201
295 1554
295 1816
296 425
296 793
296 1014
296 1190
297 308
297 422
297 744
297 817
297 1010
297 1110
297 1243
297 1500
298 819
298 882
298 1148
298 1628
298 1842
299 409
299 1155
299 1623
299 1653
299 1654
300 346
300 452
300 516
300 563
300 640
300 642
300 670
300 1051
300 1057
300 1195
300 1196
300 1369
300 1518
300 1760
300 1900
301 313
301 522
301 584
301 671
301 860
301 1050
301 1263
302 751
302 1412
302 1582
303 319
303 530
303 573
303 709
303 771
303 889
303 1194
303 1225
303 1332
303 1675
303 1768
303 1872
303 1877
303 1902
304 322
304 500
304 644
304 653
304 717
304 727
304 755
304 1273
304 1398
304 1562
304 1680
304 1703
304 1775
305 377
305 440
305 463
305 586
305 987
305 1024
305 1052
305 1232
305 1906
306 323
306 353
306 1339
306 1389
306 1737
307 319
307 359
307 490
307 491
307 726
307 788
307 926
307 1108
307 1143
307 1307
307 1567
307 1659
307 1856
308 650
308 817
308 1371
309 350
309 371
309 513
309 701
309 716
309 735
309 748
309 763
309 916
309 1208
309 1404
309 1701
309 1767
310 433
310 527
310 621
310 625
310 988
310 1148
310 1248
310 1288
310 1463
310 1539
310 1592
310 1686
310 1760
310 1793
311 332
311 347
311 656
311 831
311 861
311 979
311 995
311 1096
311 1193
311 1466
311 1661
311 1688
311 1723
311 1786
312 315
312 399
312 1347
312 1414
312 1585
313 424
313 461
313 497
313 518
313 1050
313 1263
313 1344
313 1485
313 1627
313 1947
314 577
314 1470
315 917
315 1686
315 1803
316 656
316 728
316 929
316 1045
316 1207
316 1275
317 401
317 911
318 354
318 376
318 426
318 477
318 532
318 578
318 709
318 826
318 907
318 1170
318 1515
318 1636
318 1679
319 810
319 1108
319 1225
319 1341
319 1409
319 1659
319 1856
320 357
320 373
320 453
320 892
320 894
320 924
320 982
320 1097
320 1240
320 1929
321 348
321 1095
321 1213
321 1274
321 1389
321 1516
321 1762
322 375
322 425
322 683
322 755
322 836
322 993
322 1273
322 1321
322 1684
322 1685
322 1699
323 353
323 417
323 577
323 835
323 879
323 1031
323 1308
323 1818
323 1983
323 1997
324 356
324 441
324 451
324 606
324 765
324 1064
324 1122
324 1726
324 1752
325 360
325 418
325 645
325 1734
325 1764
325 1908
326 352
326 366
326 375
326 723
326 849
326 957
326 1140
326 1348
326 1433
326 1482
326 1600
326 1804
326 1822
327 510
327 535
327 637
327 708
327 761
327 797
327 1077
327 1155
327 1296
327 1481
327 1774
327 1802
328 468
328 474
328 533
328 800
328 1050
328 1526
328 1607
329 431
329 505
329 545
329 700
329 774
329 951
329 1076
329 1204
329 1676
329 1702
329 1960
330 1186
330 1383
330 1386
330 1684
330 1914
331 433
331 619
331 1291
331 1357
332 390
332 498
332 517
332 1032
332 1102
332 1103
332 1580
332 1786
333 334
333 743
333 1037
333 1181
333 1797
334 1037
334 1797
335 337
335 579
335 674
335 896
335 920
335 947
335 1081
335 1152
335 1235
335 1300
335 1843
335 1878
336 346
336 676
336 1034
336 1228
337 442
337 893
337 1245
337 1253
337 1565
337 1884
338 576
338 614
338 628
338 960
338 1250
339 394
339 949
339 1174
339 1180
339 1253
339 1259
339 1820
340 535
340 1430
340 1511
340 1831
341 552
341 579
341 1035
341 1221
341 1331
341 1652
341 1772
341 1925
341 1991
342 415
342 514
342 557
342 1080
342 1328
342 1639
342 1763
343 423
343 467
343 558
343 669
343 719
343 922
343 1007
343 1172
343 1749
344 459
344 561
344 624
344 663
344 677
344 1023
344 1552
344 1678
345 369
345 377
345 494
345 503
345 711
345 848
345 1108
345 1142
345 1150
345 1294
345 1434
345 1649
345 1820
345 1829
345 1925
346 581
346 670
346 777
346 803
346 830
346 969
346 1051
346 1228
347 415
347 434
347 438
347 447
347 450
347 485
347 557
347 661
347 831
347 1078
347 1315
347 1442
348 349
348 602
348 706
348 842
348 883
348 933
348 1044
348 1157
348 1408
348 1454
348 1694
348 1809
348 1828
349 430
349 511
349 602
349 962
349 1140
349 1164
349 1408
350 421
350 519
350 537
350 735
350 757
350 1018
350 1178
350 1179
350 1318
350 1346
350 1456
350 1462
350 1573
350 1588
350 1701
350 1796
350 1895
351 361
351 372
351 724
351 797
351 807
351 1384
351 1506
351 1624
351 1827
351 1889
352 364
352 538
352 618
352 646
352 920
352 923
352 1321
353 411
353 417
353 541
353 665
353 1028
353 1471
353 1924
353 1998
354 376
354 426
354 428
354 469
354 578
354 1170
354 1806
354 1832
355 362
355 429
355 482
355 567
355 641
355 652
355 789
355 827
355 1156
355 1158
355 1169
355 1358
355 1374
355 1439
355 1489
355 1596
355 1697
356 722
356 1109
356 1373
356 1413
356 1672
357 373
357 470
357 582
357 703
357 894
357 924
357 978
357 1375
357 1759
357 1935
358 372
358 484
358 550
358 594
358 608
358 668
358 697
358 1534
358 1844
358 1929
358 1939
359 441
359 554
359 604
359 926
359 1064
359 1449
359 1847
360 542
360 634
360 824
360 1637
360 1656
360 1734
361 797
361 1054
361 1506
361 1624
361 1827
362 429
362 507
362 580
362 594
362 605
362 678
362 692
362 1012
362 1268
362 1596
362 1746
362 1932
363 558
363 814
363 837
363 869
363 916
363 942
363 1277
363 1311
363 1464
363 1696
363 1753
364 368
364 571
364 598
364 618
364 646
364 876
364 1041
364 1063
364 1067
364 1349
365 407
365 526
365 585
365 627
365 731
365 972
365 998
365 1086
365 1183
365 1206
365 1218
365 1352
365 1583
365 1650
365 1720
365 1748
365 1783
365 1867
365 1959
365 1977
366 392
366 619
366 957
366 971
366 1065
366 1258
366 1359
366 1547
366 1927
367 599
367 840
367 1026
367 1192
367 1692
368 388
368 531
368 571
368 683
368 752
368 849
368 945
368 1099
368 1142
368 1402
368 1458
368 1709
369 391
369 451
369 494
369 584
369 711
369 816
369 839
369 1018
369 1108
369 1246
369 1426
369 1451
369 1477
369 1483
369 1531
369 1703
369 1731
370 575
370 775
370 966
370 1215
370 1262
370 1267
370 1303
370 1550
370 1597
370 1874
371 679
371 701
371 716
371 732
371 748
371 879
371 1099
371 1105
371 1128
371 1160
371 1249
371 1767
372 409
372 550
372 564
372 608
372 697
372 724
372 807
372 994
372 1141
372 1167
372 1194
372 1257
372 1274
372 1384
372 1606
372 1887
373 894
373 943
373 982
373 1025
373 1929
374 555
374 590
374 798
374 1113
374 1438
374 1487
375 723
375 847
375 965
375 1046
375 1348
375 1433
375 1447
375 1600
375 1822
376 826
376 1395
377 1096
377 1368
378 379
378 551
378 625
378 866
378 1110
378 1545
378 1718
378 1886
379 462
379 657
379 704
379 760
379 918
379 1125
379 1127
379 1175
379 1333
379 1415
380 465
380 585
380 681
380 834
380 970
380 1553
381 429
381 473
381 726
381 1072
381 1128
381 1428
381 1453
381 1528
381 1695
381 1799
382 590
382 686
382 958
382 1454
382 1491
382 1644
383 457
383 480
383 720
383 1186
383 1469
383 1618
383 1672
383 1706
383 1724
383 1942
384 966
384 1283
384 1301
385 497
385 623
385 786
385 1093
385 1204
385 1551
385 1743
385 1952
385 1958
387 388
387 467
387 525
387 651
387 888
387 941
387 1162
387 1280
387 1598
387 1671
387 1683
387 1865
388 492
388 525
388 613
388 941
388 1045
388 1671
388 1708
388 1761
388 1798
389 512
389 654
389 680
389 705
389 758
389 985
389 1078
389 1510
389 1829
390 825
390 1032
390 1102
390 1103
390 1150
390 1213
390 1227
390 1322
390 1432
391 423
391 451
391 532
391 546
391 816
391 884
391 940
391 945
391 1375
391 1477
391 1729
392 537
392 813
392 971
392 1106
392 1238
392 1666
392 1927
392 1966
393 574
393 841
393 1004
393 1247
393 1790
394 412
394 603
394 1180
394 1259
394 1560
394 1687
394 1798
394 1839
395 521
395 636
395 753
395 794
395 842
395 851
395 859
395 899
395 1356
395 1482
395 1512
395 1640
395 1752
396 829
396 1039
396 1448
396 1807
397 934
397 956
397 1093
397 1378
397 1577
398 472
398 483
398 546
398 588
398 749
398 810
398 838
398 965
398 1046
398 1124
398 1653
398 1990
399 1017
399 1022
399 1070
399 1414
399 1594
399 1926
400 437
400 621
400 697
400 1572
401 450
401 487
401 549
401 627
401 1209
402 442
402 522
402 527
402 631
402 636
402 786
402 988
402 1304
402 1352
402 1484
402 1486
403 566
403 685
403 936
403 1166
403 1794
404 445
404 536
404 565
404 626
404 1043
404 1276
404 1317
404 1376
404 1801
404 1996
405 712
405 839
405 1002
405 1019
405 1285
405 1347
405 1664
405 1726
406 470
406 473
406 676
406 677
406 838
406 845
406 891
406 1014
406 1145
406 1563
406 1685
406 1742
406 1884
406 1901
406 1946
406 1971
407 585
407 627
407 731
407 1206
407 1783
408 1469
408 1834
409 564
409 875
409 1606
410 901
410 1614
411 512
411 665
411 691
411 906
411 1405
411 1706
411 1849
412 615
412 687
412 749
412 1798
412 1943
413 499
413 516
413 538
413 540
413 711
413 731
413 733
413 867
413 1004
413 1113
413 1267
413 1280
413 1481
413 1523
413 1595
413 1610
413 1611
413 1719
413 1972
414 612
414 741
414 752
414 976
414 1011
414 1168
414 1424
414 1537
415 450
415 652
415 661
415 951
415 1349
415 1353
415 1508
415 1763
416 485
416 486
416 548
416 746
416 801
416 835
416 1112
416 1168
416 1390
416 1561
416 1830
416 1837
416 1977
417 653
417 835
417 882
417 1031
417 1158
417 1324
417 1402
417 1510
419 713
419 1201
419 1554
419 1701
420 638
420 831
420 1351
420 1530
420 1920
421 603
421 972
421 1372
421 1456
421 1523
422 582
422 744
422 828
422 903
422 1442
422 1645
423 578
423 669
423 940
423 1172
423 1422
423 1729
424 455
424 461
424 497
424 547
425 683
425 793
425 1252
425 1599
425 1684
426 428
426 477
426 545
426 816
426 908
426 1123
426 1584
426 1740
427 661
427 996
427 1049
428 469
428 488
428 633
428 897
428 977
428 1224
428 1451
428 1589
428 1806
428 1832
428 1964
429 502
429 726
429 1169
429 1596
429 1799
429 1848
429 1932
430 469
430 612
430 763
430 1067
430 1075
430 1082
431 466
431 505
431 768
431 868
431 951
431 973
431 1316
431 1607
431 1863
431 1960
431 1987
432 751
432 1237
432 1536
432 1551
432 1591
432 1728
433 527
433 621
433 684
433 1148
433 1291
433 1842
434 854
434 1442
434 1605
435 448
435 833
435 1773
436 474
436 574
436 718
436 1119
436 1499
436 1711
437 621
438 447
438 860
438 1315
438 1668
439 449
439 1117
439 1517
439 1614
439 1745
440 1199
440 1232
440 1233
440 1906
441 554
441 604
441 765
441 792
441 818
441 1056
441 1064
441 1391
441 1710
442 1352
442 1539
443 611
443 645
443 647
443 806
443 1060
443 1214
444 446
444 787
444 910
444 1403
444 1674
444 1688
444 1700
445 454
445 536
445 793
445 1085
445 1317
446 787
446 910
446 1403
447 485
447 566
447 1058
447 1544
448 649
448 685
448 772
448 836
448 868
448 907
448 1277
448 1423
448 1435
448 1773
448 1934
449 501
449 510
449 857
449 1039
449 1117
449 1161
449 1397
449 1399
449 1517
449 1691
450 549
450 652
450 661
450 951
451 816
451 1122
451 1375
452 516
452 802
452 817
452 1102
452 1182
452 1202
452 1226
452 1564
452 1779
452 1900
453 506
453 655
453 718
453 850
453 930
453 1117
453 1429
454 496
454 608
454 740
454 1191
454 1901
455 547
455 589
455 591
455 672
455 691
455 866
455 937
455 948
455 1198
455 1750
456 721
456 738
456 986
456 1272
456 1357
456 1535
456 1678
456 1812
456 1993
457 478
457 569
457 734
457 1469
458 482
458 592
458 629
458 808
458 1263
458 1549
458 1559
458 1581
458 1622
458 1805
458 1818
458 1867
459 561
461 497
461 1415
462 495
462 649
462 650
462 657
462 704
462 830
462 900
462 1100
462 1115
462 1185
462 1333
462 1418
462 1589
462 1801
464 602
464 610
464 715
464 732
464 1302
464 1593
465 1399
465 1462
466 798
466 821
466 931
466 1173
466 1477
466 1970
467 558
467 651
467 1132
467 1162
467 1381
468 507
468 667
468 914
468 1043
468 1287
468 1907
468 1967
469 612
469 633
469 1082
469 1451
469 1806
469 1809
470 676
470 677
470 766
470 891
470 1141
470 1255
470 1286
471 961
471 1243
471 1309
471 1604
471 1721
472 725
472 749
472 1670
473 1014
473 1212
474 533
474 693
474 924
474 1711
475 552
475 587
475 883
475 1091
475 1446
475 1485
475 1918
476 526
476 805
476 939
476 1359
476 1404
476 1563
476 1896
477 709
477 816
477 1137
477 1636
478 919
478 1152
478 1428
478 1460
478 1949
479 632
479 1109
479 1697
479 1933
479 1939
479 1974
480 643
480 902
480 992
480 1186
480 1290
481 543
481 750
481 785
481 986
481 1021
481 1445
481 1513
481 1623
481 1740
482 592
482 601
482 706
482 808
482 981
482 1342
482 1581
482 1622
482 1648
483 547
483 588
483 771
483 887
483 1143
483 1147
483 1260
483 1278
483 1574
483 1658
483 1904
484 589
484 813
484 1527
484 1603
485 486
485 557
485 566
485 796
485 835
485 1114
485 1390
485 1577
485 1709
485 1814
485 1975
486 548
486 796
486 801
486 835
486 1114
486 1168
486 1561
486 1577
486 1955
487 597
487 627
487 729
487 1209
487 1744
488 897
488 977
488 985
488 1075
489 517
489 900
489 918
489 1237
489 1892
490 668
490 695
490 714
490 726
490 870
490 930
490 1146
490 1833
491 559
491 841
491 1370
491 1488
491 1556
491 1782
492 595
492 613
492 993
492 1000
492 1045
492 1136
492 1229
493 698
493 815
493 825
493 1047
493 1293
493 1657
494 584
494 629
494 1018
494 1073
494 1108
494 1130
494 1142
494 1518
494 1739
494 1829
495 649
495 799
495 830
495 900
495 935
495 1003
496 694
496 740
496 812
496 814
496 927
496 997
496 1210
496 1224
496 1231
496 1340
496 1910
497 1743
498 548
498 742
498 959
499 516
499 538
499 544
499 731
499 983
499 1081
499 1267
499 1723
499 1776
501 510
501 542
501 660
501 672
501 690
501 815
501 857
501 905
501 1161
501 1333
501 1480
501 1501
501 1521
501 1957
502 635
502 664
502 864
502 975
502 1848
502 1880
503 509
503 848
503 1121
503 1150
503 1395
503 1396
503 1601
503 1785
504 529
504 671
504 776
504 1327
504 1531
504 1810
504 1920
504 1994
505 762
505 768
505 868
505 951
505 996
505 1204
505 1299
505 1401
505 1756
506 655
506 718
506 728
506 735
506 1058
506 1344
506 1429
506 1543
506 1755
506 1828
506 1935
507 594
507 678
507 833
507 1012
507 1305
507 1380
507 1652
507 1680
507 1907
507 1967
508 560
508 651
508 678
508 684
508 843
508 1040
508 1083
508 1426
509 586
509 811
509 848
509 1121
509 1226
509 1367
509 1396
509 1649
510 637
510 976
510 1161
510 1521
510 1957
510 1968
511 730
511 962
511 1290
511 1515
512 570
512 895
512 909
512 1362
512 1849
513 545
513 832
513 916
513 1208
513 1410
513 1542
514 1573
514 1639
514 1988
515 575
515 932
515 1068
515 1133
515 1282
515 1350
515 1759
515 1806
515 1811
516 563
516 731
516 1113
516 1182
516 1518
517 900
517 918
517 1580
518 1135
518 1485
518 1555
518 1677
518 1947
519 537
519 568
519 607
519 631
519 662
519 820
519 1092
519 1479
519 1574
519 1588
519 1632
520 614
520 872
521 617
521 642
521 760
521 851
521 873
521 1107
521 1134
521 1337
521 1356
521 1373
521 1482
521 1512
521 1526
521 1800
522 584
522 786
522 1035
522 1097
523 748
523 912
523 1157
523 1268
523 1378
523 1529
524 782
524 857
524 1479
525 1077
525 1553
525 1598
525 1758
526 605
526 1183
526 1359
526 1657
526 1662
527 631
527 636
527 988
527 1120
527 1326
527 1486
528 1323
529 1116
529 1920
530 592
530 709
530 784
530 1346
530 1412
530 1478
530 1675
530 1917
531 576
531 849
531 1310
531 1709
532 546
532 907
532 945
532 980
533 746
533 924
533 1259
533 1388
533 1526
533 1617
533 1912
534 613
534 744
534 791
534 871
534 946
534 989
534 1101
534 1219
534 1223
534 1400
534 1436
534 1696
534 1852
534 1941
535 637
535 707
535 1502
536 1147
536 1801
537 632
537 813
537 1318
537 1346
537 1567
537 1588
537 1966
538 540
538 920
538 963
538 983
538 1338
538 1595
538 1613
538 1674
538 1780
538 1839
538 1869
538 1937
539 822
539 899
539 925
539 964
539 1371
539 1622
539 1940
540 711
540 963
540 989
540 1090
540 1595
540 1610
540 1613
540 1832
541 1028
541 1199
541 1471
541 1540
541 1615
541 1924
542 634
542 689
542 815
542 1532
542 1637
543 781
543 986
543 1070
543 1309
543 1491
543 1740
544 626
544 783
544 997
544 1081
544 1830
544 1903
545 774
545 832
545 870
545 908
545 1069
545 1076
545 1541
545 1588
545 1751
546 599
546 779
546 838
546 884
546 1046
546 1407
546 1724
547 591
547 1038
547 1658
548 801
548 913
548 1955
549 770
549 779
549 1073
549 1776
550 565
550 608
550 668
550 994
550 1105
550 1114
550 1787
551 1456
551 1504
552 588
552 1027
552 1354
552 1597
552 1757
552 1790
553 633
553 954
553 962
553 1354
553 1430
553 1543
553 1747
553 1888
553 1962
554 1179
555 590
555 604
555 680
555 909
555 1113
555 1221
555 1687
555 1898
556 1033
556 1425
556 1490
556 1599
556 1936
557 1328
558 942
558 1107
558 1132
558 1279
558 1753
558 1771
559 690
559 743
559 841
559 1488
559 1885
560 591
560 719
560 1426
560 1775
561 1180
561 1361
561 1552
561 1678
561 1691
561 1982
563 664
563 699
563 762
563 769
563 1411
563 1518
563 1532
563 1569
563 1835
564 875
564 904
564 1138
564 1320
565 720
566 1544
566 1709
567 1358
567 1565
568 820
569 572
569 845
569 1241
569 1247
569 1963
570 698
570 909
570 1106
570 1362
570 1660
570 1945
571 598
571 683
571 752
571 974
571 1041
571 1127
571 1254
571 1729
571 1739
571 1816
572 1241
572 1247
572 1248
572 1931
573 944
573 1332
573 1768
574 1790
575 1011
575 1068
575 1151
575 1350
575 1874
575 1876
575 1969
576 614
576 628
576 790
576 1295
576 1627
576 1781
577 620
577 879
577 917
577 970
577 1958
577 1984
577 1989
578 1170
578 1729
579 674
579 920
579 1081
579 1144
579 1181
579 1221
579 1300
579 1331
579 1843
580 605
580 665
580 1023
580 1391
580 1417
581 721
581 777
581 832
581 969
581 1118
581 1216
582 828
582 1244
582 1375
582 1621
582 1645
582 1852
582 1887
583 667
583 681
583 767
583 781
583 919
583 953
583 1037
583 1061
583 1264
583 1288
583 1892
583 1982
584 671
584 852
584 994
584 1018
584 1135
585 627
585 681
585 970
585 972
585 1086
585 1176
585 1498
585 1792
585 1844
586 987
586 1052
587 883
587 1026
587 1278
587 1963
588 1027
588 1278
588 1354
589 866
590 604
590 686
590 798
590 1251
590 1329
590 1370
590 1644
590 1687
591 672
591 1038
592 601
592 784
592 808
592 932
592 1211
592 1263
592 1560
592 1917
593 844
593 1283
593 1441
593 1581
594 678
594 813
594 1305
594 1527
594 1534
594 1571
594 1603
594 1680
594 1799
595 824
596 638
596 674
596 745
596 1555
597 729
597 823
597 1129
597 1744
598 974
598 1034
598 1349
598 1944
599 779
599 840
599 1005
599 1458
600 635
600 739
600 950
600 1287
601 1640
602 610
602 706
602 785
602 856
602 933
602 1029
602 1140
602 1306
602 1307
602 1408
602 1593
602 1660
602 1716
602 1850
602 1921
603 972
603 1335
603 1839
604 1064
604 1251
604 1687
604 1710
605 696
605 1657
605 1662
607 1092
607 1479
608 792
609 1009
610 715
610 785
610 1299
610 1394
610 1444
611 618
611 634
611 1214
611 1261
611 1476
611 1866
612 752
612 763
612 1424
612 1617
612 1908
613 791
613 871
613 946
613 1045
613 1219
613 1864
614 628
614 872
615 749
615 1646
615 1956
616 1429
616 1970
617 658
617 727
617 760
617 764
617 1003
617 1107
617 1134
617 1161
617 1320
617 1795
618 646
618 876
618 1476
619 1359
619 1683
619 1708
620 886
620 970
620 1008
620 1019
620 1027
620 1052
620 1638
620 1746
620 1958
620 1984
621 684
621 1148
622 755
622 1088
622 1112
622 1324
622 1613
623 747
623 786
623 1204
623 1436
623 1533
623 1958
624 663
624 887
624 901
624 1134
624 1245
625 686
625 862
625 1545
625 1592
625 1718
625 1945
626 1276
626 1830
626 1858
627 731
628 1946
629 1073
630 707
630 1094
630 1377
630 1474
630 1601
630 1988
631 662
631 988
631 1120
631 1326
632 1612
633 954
633 962
633 1451
633 1747
633 1809
633 1888
634 824
634 1261
634 1866
634 1964
635 739
635 950
635 968
635 1074
635 1083
635 1149
635 1365
636 764
636 1323
636 1640
636 1950
637 976
637 1802
638 831
638 1368
638 1488
638 1770
638 1950
639 669
639 927
639 1223
639 1319
639 1398
639 1507
639 1813
639 1967
640 642
640 737
640 754
640 757
640 812
640 1061
640 1119
640 1255
640 1524
640 1757
640 1760
640 1780
641 675
641 1156
641 1176
641 1336
641 1439
641 1475
641 1566
641 1594
641 1630
641 1645
641 1714
642 754
642 1057
642 1369
643 992
643 1290
643 1330
643 1420
644 727
644 765
644 780
644 931
644 1398
644 1562
644 1667
644 1767
644 1779
644 1817
645 647
645 733
645 756
645 808
645 1908
646 1787
647 733
648 1002
648 1465
649 650
649 782
649 799
649 830
649 943
649 1003
649 1100
649 1435
649 1589
650 1100
650 1115
650 1118
650 1777
651 678
651 1083
651 1153
652 789
652 957
652 1349
652 1882
653 1269
653 1324
653 1703
653 1877
653 1984
654 705
654 710
654 772
654 867
654 888
654 915
655 718
655 1058
655 1117
656 1193
656 1408
656 1661
656 1688
656 1723
657 809
657 896
657 1251
657 1467
658 659
658 852
658 903
658 990
658 1795
659 852
659 903
659 955
659 990
659 1020
659 1171
659 1265
659 1704
659 1783
659 1955
660 722
660 885
660 1468
660 1471
661 874
661 951
661 1049
661 1449
661 1971
662 754
662 788
662 1149
662 1220
662 1311
662 1695
662 1764
662 1785
663 1193
663 1245
663 1492
664 975
664 1569
665 922
665 1023
665 1391
665 1826
666 850
666 904
666 980
666 1557
666 1902
666 1924
667 681
667 914
667 1043
667 1066
667 1252
667 1264
667 1407
667 1965
668 695
668 714
668 870
668 1175
668 1643
668 1690
668 1756
669 967
669 1223
669 1507
670 803
671 852
671 860
671 1122
672 673
672 690
672 691
672 926
672 958
672 1189
672 1214
672 1333
672 1651
673 926
673 1189
673 1651
674 1144
674 1843
675 767
675 982
675 1176
675 1238
675 1645
675 1890
676 677
676 845
676 1034
676 1141
676 1145
676 1563
676 1971
677 845
677 891
677 1742
678 684
678 1680
679 1661
679 1921
680 1618
680 1829
681 767
681 953
681 1126
681 1407
682 1525
683 752
683 945
683 1252
683 1402
683 1458
683 1505
683 1599
683 1816
684 1842
685 772
685 836
685 868
685 907
685 952
685 983
685 1329
685 1443
685 1558
685 1794
685 1915
686 1370
686 1400
687 730
687 1943
688 1032
688 1230
688 1385
688 1864
689 693
689 895
689 1635
690 743
690 958
690 1214
691 853
691 948
691 1203
691 1225
691 1750
692 1258
692 1268
692 1778
692 1793
694 812
694 1495
694 1804
695 714
695 863
695 1175
695 1733
696 911
696 1717
696 1995
697 1961
698 811
698 914
698 1106
698 1116
698 1169
698 1188
698 1293
698 1568
698 1815
699 762
699 795
699 905
699 948
699 991
699 1131
699 1289
700 1200
700 1414
700 1815
700 1953
700 1969
701 763
701 877
701 879
701 1099
701 1310
701 1422
702 717
702 940
702 1090
702 1145
703 766
703 1759
704 729
704 1125
704 1170
704 1333
704 1396
704 1712
704 1847
705 710
705 758
705 772
705 873
705 888
705 1078
705 1205
705 1525
705 1689
705 1899
706 842
706 933
706 1029
706 1157
706 1307
706 1809
706 1828
706 1921
707 1094
707 1474
708 761
708 783
708 801
708 1001
708 1022
708 1042
708 1077
708 1184
708 1360
708 1517
708 1556
708 1625
708 1747
709 889
709 1478
709 1515
709 1636
709 1675
709 1744
710 772
710 1205
710 1521
710 1689
711 733
711 839
711 1280
711 1610
711 1649
712 938
712 1019
713 1201
713 1328
713 1701
714 870
714 1643
715 856
715 1302
716 732
716 748
716 1105
716 1979
718 1499
719 999
719 1749
719 1775
719 1841
720 1672
720 1706
720 1951
721 986
721 1016
721 1266
721 1535
721 1678
721 1773
721 1812
721 1834
721 1993
721 1999
722 1468
723 849
723 1348
724 1008
724 1055
724 1167
724 1257
724 1384
724 1393
724 1634
724 1800
725 1217
725 1233
725 1670
726 1128
726 1143
726 1428
726 1453
726 1943
727 1320
727 1562
727 1633
727 1779
727 1953
728 1072
728 1543
728 1753
729 1190
729 1847
730 1290
730 1527
730 1792
731 1206
731 1267
731 1776
732 1105
732 1128
732 1249
732 1634
733 867
733 1280
733 1719
734 778
734 823
734 877
734 1154
734 1163
735 757
735 774
735 949
735 1018
735 1074
735 1522
735 1701
735 1755
735 1796
735 1828
735 1895
736 802
736 1017
736 1266
736 1498
736 1922
737 757
737 812
737 1825
738 1053
738 1353
739 878
739 890
739 906
739 1342
739 1514
739 1763
741 1459
741 1874
742 959
744 989
744 1101
744 1417
744 1538
744 1612
745 1486
745 1549
745 1741
746 750
746 1425
746 1528
747 1133
747 1912
750 785
750 1425
750 1473
750 1528
750 1791
751 1728
751 1880
751 1938
752 945
752 1011
752 1142
752 1505
752 1537
752 1816
752 1923
753 859
753 1343
753 1705
753 1914
753 1996
754 1343
754 1455
754 1757
755 1088
755 1321
755 1546
755 1775
756 885
756 1330
757 1018
757 1178
757 1179
757 1327
757 1522
757 1573
758 790
758 873
758 964
758 1078
759 1289
759 1539
759 1562
760 764
760 871
760 897
760 1107
760 1127
760 1160
760 1161
760 1385
760 1415
760 1420
760 1960
761 801
761 1155
761 1250
761 1273
761 1281
761 1517
762 996
762 1051
762 1137
762 1401
762 1418
762 1576
763 1067
763 1404
763 1938
764 897
764 1049
764 1323
764 1385
764 1919
765 780
765 792
765 891
765 1064
765 1726
765 1752
765 1817
765 1948
766 853
766 937
766 1255
766 1819
767 781
767 953
767 1037
767 1126
767 1138
767 1238
767 1244
767 1305
767 1438
767 1859
767 1894
768 868
768 973
768 1257
768 1663
769 880
769 1411
769 1532
769 1733
769 1788
769 1978
770 799
770 1424
771 887
771 1143
771 1227
771 1260
771 1742
772 836
772 888
772 915
772 1329
772 1443
772 1525
772 1689
772 1934
773 834
773 944
773 1029
773 1200
774 949
774 1074
774 1076
774 1676
774 1702
775 1144
775 1388
775 1533
775 1911
776 1234
776 1363
776 1450
776 1810
776 1994
777 830
777 1319
777 1542
779 1164
779 1473
779 1776
780 1478
780 1767
781 1244
781 1295
781 1309
781 1390
781 1438
781 1540
781 1892
782 943
782 1334
782 1406
782 1997
783 1001
783 1625
784 1080
784 1211
784 1641
784 1917
785 856
785 1716
786 1035
786 1958
787 985
787 1403
788 1326
788 1764
789 827
789 837
789 885
789 957
789 1158
789 1189
789 1367
789 1446
789 1487
789 1671
789 1882
790 1295
790 1392
790 1566
790 1627
790 1781
790 1885
791 946
791 1165
791 1852
791 1864
791 1905
792 818
793 1085
793 1242
796 878
796 1114
796 1166
796 1314
797 1296
797 1358
797 1481
797 1506
797 1635
797 1963
798 1338
799 1424
799 1631
800 998
800 1050
800 1056
801 1168
801 1517
801 1556
803 1632
804 851
804 1177
804 1271
804 1541
804 1717
805 1030
805 1896
806 808
806 1976
807 1384
807 1881
808 1581
808 1805
809 896
809 1467
810 838
810 965
810 1341
810 1407
810 1409
810 1639
810 1653
811 914
811 1649
811 1782
811 1791
813 1527
813 1567
813 1571
813 1799
814 837
814 1464
815 825
815 1532
815 1554
817 1102
817 1202
817 1226
817 1377
817 1872
818 1025
818 1284
818 1302
819 882
820 1545
820 1928
821 931
821 1100
821 1173
821 1467
821 1477
821 1603
821 1741
822 899
822 1930
823 877
825 1322
825 1554
825 1825
826 1575
827 1158
827 1367
827 1690
827 1697
828 903
828 1053
828 1171
828 1244
828 1457
828 1497
828 1852
829 995
829 1807
830 900
830 1003
830 1589
831 1078
832 870
833 1183
833 1298
833 1380
833 1559
833 1805
834 944
834 1111
835 1031
835 1390
835 1510
835 1561
835 1975
836 868
836 993
836 1291
836 1443
837 1464
837 1671
838 1013
838 1046
838 1407
838 1620
838 1653
838 1738
838 1990
839 1002
839 1483
839 1505
839 1664
839 1703
839 1711
840 1005
840 1241
840 1904
840 1932
841 1247
841 1488
841 1885
842 1828
843 1040
844 1007
844 1163
844 1441
844 1581
844 1926
845 992
845 1104
846 1843
847 965
847 1079
848 1121
848 1150
848 1226
848 1601
848 1925
849 1310
850 930
850 971
850 1062
851 1177
851 1337
851 1356
852 903
852 994
852 1020
852 1122
852 1472
852 1564
853 1225
853 1813
853 1819
855 1185
855 1547
856 1063
856 1306
856 1716
856 1861
856 1991
858 954
858 1679
858 1838
859 898
859 1914
860 1668
861 886
861 979
861 984
861 1246
861 1340
861 1466
862 1040
862 1545
862 1945
864 1130
864 1853
864 1880
865 934
865 1494
865 1956
866 937
866 1694
866 1886
867 1202
867 1948
869 916
869 1015
869 1277
869 1341
869 1548
869 1659
869 1869
869 1981
869 1990
870 1643
871 1160
871 1420
871 1941
872 960
872 1033
872 1104
872 1350
872 1644
873 1373
874 892
874 1057
874 1068
874 1084
874 1449
874 1452
874 1519
875 904
875 928
875 1320
875 1620
876 1067
877 1366
877 1881
878 906
878 1314
878 1342
879 917
879 1099
879 1310
879 1422
880 1101
880 1348
880 1457
880 1587
881 1006
881 1091
881 1121
881 1416
881 1427
881 1905
882 1628
883 1044
883 1091
883 1796
884 1079
884 1724
885 1471
885 1487
885 1496
885 1718
886 1008
886 1052
886 1246
886 1312
886 1315
886 1576
886 1855
886 1886
887 901
887 1147
887 1197
887 1260
887 1524
887 1656
887 1742
887 1749
887 1769
887 1812
888 915
888 1280
888 1525
888 1707
888 1899
889 1194
889 1877
890 1020
890 1207
890 1514
891 991
891 1038
891 1742
891 1946
892 1240
892 1863
893 1245
893 1253
893 1700
893 1855
894 913
894 924
894 978
894 982
894 1086
894 1124
894 1242
894 1499
894 1870
895 1219
895 1635
896 947
897 977
897 1049
897 1224
897 1385
897 1960
898 910
898 1965
900 918
900 1892
901 1197
901 1387
902 981
903 990
904 1320
904 1902
904 1924
905 948
905 1131
905 1480
905 1504
905 1778
906 1342
906 1405
906 1706
907 1423
907 1558
907 1679
908 1123
908 1297
908 1541
908 1854
908 1995
909 1221
909 1362
909 1945
910 1205
910 1965
911 1717
911 1909
912 1069
912 1378
912 1765
912 1981
915 1692
916 1410
916 1497
916 1659
916 1696
917 1686
917 1803
918 1175
918 1892
919 1428
919 1453
919 1582
920 1081
920 1152
920 1338
920 1674
921 1042
922 1007
922 1826
924 978
924 1086
924 1242
924 1912
924 1935
924 1947
925 1371
925 1673
926 1449
927 997
927 1340
927 1398
927 1596
927 1771
927 1910
928 1650
929 1698
930 971
930 1536
931 1467
931 1774
932 1187
932 1240
932 1560
932 1759
933 1157
933 1307
933 1454
934 1378
934 1731
935 1445
935 1846
935 1871
936 1355
936 1712
936 1794
937 1198
937 1821
938 1232
938 1681
939 1404
939 1563
940 1090
941 1196
941 1671
942 1279
942 1753
942 1978
943 1025
943 1997
944 1029
945 1142
945 1402
945 1505
946 1219
946 1852
946 1864
947 1153
947 1654
948 1203
948 1289
948 1484
948 1493
948 1750
948 1983
949 1074
949 1174
949 1820
950 1083
950 1129
950 1287
950 1365
950 1439
950 1754
950 1797
951 1960
952 983
952 1195
952 1217
952 1514
952 1578
952 1602
952 1915
953 1037
953 1126
953 1138
953 1305
953 1823
954 1679
954 1747
955 1171
955 1783
956 1470
956 1866
957 1882
958 1214
960 1033
960 1286
960 1300
960 1350
961 1431
961 1604
961 1979
963 1090
964 968
964 1279
965 1447
966 1267
966 1283
966 1301
967 1530
967 1976
968 1360
969 1118
970 1176
970 1553
970 1958
971 1065
971 1106
971 1927
972 1086
972 1372
972 1498
972 1593
972 1784
972 1792
972 1795
972 1844
972 1952
974 1034
974 1127
974 1174
974 1611
974 1729
974 1944
976 1094
978 1086
978 1433
978 1499
979 1466
980 1041
980 1294
981 1342
983 1195
983 1839
983 1915
984 1131
986 1070
986 1272
986 1623
986 1993
986 1999
987 1052
988 1120
988 1486
989 1101
989 1400
989 1417
989 1538
989 1677
989 1696
989 1766
989 1974
990 1362
991 1038
991 1380
991 1837
992 1104
992 1330
992 1381
992 1490
993 1000
994 1135
994 1194
994 1564
994 1682
994 1755
994 1787
994 1887
995 1096
995 1735
995 1807
995 1918
996 1051
996 1299
996 1401
996 1418
996 1503
996 1576
996 1662
996 1756
996 1822
997 1387
997 1751
997 1910
998 1060
998 1218
998 1332
998 1583
998 1959
998 1968
999 1156
999 1781
1000 1103
1000 1136
1000 1229
1000 1605
1000 1833
1000 1836
1000 1845
1001 1625
1001 1747
1005 1345
1005 1913
1006 1187
1006 1416
1007 1089
1007 1163
1008 1052
1008 1055
1008 1312
1008 1638
1009 1021
1009 1071
1009 1296
1009 1419
1009 1840
1010 1110
1010 1210
1010 1270
1010 1626
1010 1831
1010 1848
1010 1954
1011 1151
1011 1537
1011 1923
1013 1620
1014 1190
1014 1884
1015 1325
1015 1405
1015 1548
1015 1990
1017 1022
1017 1922
1018 1178
1018 1796
1018 1895
1020 1472
1020 1704
1021 1419
1021 1513
1021 1930
1022 1070
1022 1184
1022 1667
1022 1992
1024 1192
1025 1915
1026 1278
1028 1924
1030 1076
1030 1222
1030 1409
1030 1875
1030 1916
1030 1980
1031 1292
1032 1103
1032 1864
1033 1087
1033 1300
1033 1425
1033 1599
1033 1644
1033 1735
1033 1936
1034 1174
1034 1944
1035 1652
1036 1312
1036 1516
1036 1648
1036 1673
1036 1719
1036 1732
1037 1138
1037 1797
1039 1399
1039 1455
1039 1474
1039 1570
1043 1252
1043 1376
1043 1996
1044 1694
1044 1972
1045 1146
1047 1220
1047 1657
1048 1472
1048 1587
1048 1707
1048 1811
1050 1056
1050 1263
1050 1344
1050 1607
1050 1627
1050 1896
1051 1137
1051 1195
1051 1196
1051 1418
1051 1465
1052 1312
1052 1638
1053 1171
1053 1297
1053 1457
1053 1497
1054 1507
1055 1281
1055 1384
1055 1393
1055 1558
1055 1699
1056 1391
1056 1896
1057 1084
1057 1260
1057 1452
1057 1760
1058 1344
1059 1571
1060 1332
1060 1466
1061 1119
1062 1082
1062 1643
1062 1891
1063 1861
1065 1351
1065 1513
1065 1789
1066 1509
1066 1584
1066 1868
1067 1938
1068 1350
1068 1702
1068 1806
1068 1876
1069 1751
1069 1765
1069 1823
1071 1734
1071 1840
1072 1459
1072 1590
1074 1149
1074 1191
1076 1222
1076 1702
1077 1758
1077 1774
1077 1853
1079 1201
1080 1092
1080 1403
1080 1641
1080 1888
1080 1951
1081 1300
1081 1723
1082 1891
1083 1129
1083 1197
1083 1365
1084 1198
1084 1236
1084 1452
1084 1509
1084 1519
1085 1242
1085 1893
1086 1242
1086 1499
1087 1769
1090 1832
1092 1403
1092 1479
1092 1574
1092 1655
1092 1888
1092 1951
1093 1952
1094 1474
1094 1601
1095 1274
1096 1368
1096 1447
1096 1918
1098 1313
1098 1557
1098 1650
1099 1310
1100 1115
1100 1118
1100 1313
1100 1801
1101 1256
1101 1348
1101 1411
1101 1696
1101 1974
1102 1150
1102 1202
1102 1377
1102 1779
1104 1490
1105 1114
1105 1115
1105 1128
1105 1184
1105 1862
1105 1975
1106 1238
1106 1660
1106 1815
1107 1161
1107 1771
1108 1142
1108 1434
1109 1373
1109 1591
1109 1672
1109 1697
1109 1974
1110 1913
1112 1324
1112 1830
1112 1837
1113 1898
1114 1577
1114 1814
1115 1118
1115 1184
1115 1801
1115 1975
1116 1169
1116 1188
1116 1443
1116 1460
1116 1483
1116 1568
1116 1907
1117 1691
1120 1126
1120 1264
1120 1293
1120 1374
1120 1393
1120 1413
1120 1860
1121 1172
1121 1226
1123 1740
1124 1211
1126 1413
1127 1729
1127 1739
1128 1249
1128 1428
1128 1528
1129 1197
1129 1754
1130 1518
1130 1619
1130 1739
1130 1821
1130 1853
1131 1778
1132 1206
1132 1381
1133 1912
1135 1555
1135 1677
1136 1229
1136 1254
1136 1519
1136 1605
1136 1833
1137 1234
1137 1465
1137 1883
1138 1231
1138 1305
1138 1859
1139 1954
1140 1482
1140 1873
1140 1899
1141 1236
1141 1810
1141 1868
1142 1434
1143 1227
1143 1307
1144 1181
1145 1563
1146 1269
1146 1629
1146 1833
1146 1875
1149 1191
1149 1695
1149 1785
1150 1227
1151 1208
1151 1382
1151 1630
1153 1322
1153 1431
1153 1654
1153 1714
1155 1654
1156 1435
1156 1439
1156 1535
1156 1646
1156 1781
1156 1916
1157 1167
1157 1268
1157 1454
1157 1508
1157 1529
1157 1809
1158 1697
1159 1314
1159 1450
1159 1675
1160 1420
1162 1282
1162 1658
1164 1473
1165 1663
1167 1257
1167 1274
1167 1421
1167 1508
1167 1634
1169 1188
1169 1374
1169 1443
1169 1460
1169 1480
1169 1670
1170 1396
1170 1712
1170 1891
1171 1457
1171 1955
1172 1422
1173 1383
1173 1427
1173 1477
1173 1824
1173 1846
1173 1878
1173 1980
1176 1566
1176 1645
1177 1541
1178 1179
1178 1327
1178 1538
1179 1327
1179 1573
1179 1638
1179 1676
1180 1691
1182 1647
1182 1722
1182 1814
1183 1298
1183 1301
1183 1559
1184 1360
1184 1667
1184 1862
1185 1235
1185 1418
1185 1547
1186 1637
1186 1724
1187 1240
1187 1743
1189 1651
1190 1229
1190 1728
1190 1857
1191 1901
1193 1661
1194 1877
1194 1887
1195 1196
1195 1440
1195 1578
1197 1387
1197 1524
1198 1509
1199 1858
1200 1953
1201 1701
1202 1377
1202 1872
1202 1948
1203 1461
1203 1484
1203 1493
1203 1897
1205 1937
1206 1783
1207 1275
1208 1382
1209 1265
1209 1308
1209 1544
1209 1575
1209 1786
1209 1851
1210 1224
1210 1231
1210 1292
1210 1440
1213 1432
1215 1249
1215 1262
1215 1306
1215 1364
1215 1496
1215 1693
1216 1401
1216 1669
1216 1750
1217 1233
1218 1228
1218 1352
1218 1642
1218 1720
1220 1311
1221 1331
1221 1925
1222 1980
1223 1319
1223 1335
1223 1507
1223 1602
1226 1872
1228 1339
1228 1502
1228 1642
1228 1879
1229 1605
1229 1728
1229 1857
1230 1385
1232 1906
1233 1889
1234 1363
1234 1379
1234 1949
1235 1878
1236 1725
1237 1356
1237 1536
1237 1546
1237 1551
1239 1318
1239 1616
1240 1743
1241 1247
1241 1904
1241 1931
1244 1295
1244 1438
1244 1540
1244 1621
1244 1852
1246 1315
1246 1451
1246 1855
1247 1931
1248 1288
1249 1364
1249 1634
1252 1599
1252 1965
1253 1565
1253 1700
1253 1884
1254 1275
1255 1524
1255 1780
1255 1923
1255 1986
1256 1325
1257 1663
1258 1547
1258 1778
1259 1388
1260 1742
1261 1866
1261 1964
1262 1550
1263 1344
1264 1374
1264 1393
1264 1982
1266 1773
1266 1834
1267 1303
1267 1776
1268 1529
1269 1606
1269 1629
1269 1875
1270 1331
1271 1957
1272 1826
1273 1281
1274 1421
1277 1303
1277 1311
1278 1574
1278 1789
1279 1364
1280 1707
1280 1719
1281 1558
1283 1301
1284 1392
1284 1987
1285 1347
1285 1726
1288 1686
1289 1983
1290 1792
1292 1437
1292 1440
1292 1761
1292 1817
1292 1900
1295 1392
1295 1627
1296 1481
1296 1635
1296 1827
1297 1854
1298 1559
1298 1805
1299 1444
1299 1822
1299 1870
1304 1379
1305 1859
1305 1894
1306 1496
1306 1660
1306 1693
1306 1850
1307 1921
1308 1575
1309 1721
1309 1942
1310 1422
1312 1516
1312 1648
1312 1719
1315 1855
1315 1886
1316 1863
1316 1987
1318 1346
1318 1462
1318 1475
1318 1857
1319 1602
1320 1633
1322 1431
1322 1714
1322 1825
1323 1579
1323 1919
1324 1402
1325 1405
1326 1629
1330 1420
1330 1609
1332 1768
1333 1501
1334 1406
1336 1475
1336 1579
1336 1917
1337 1369
1337 1526
1337 1800
1338 1674
1338 1869
1339 1502
1339 1737
1340 1771
1341 1639
1343 1455
1345 1520
1345 1913
1347 1598
1347 1726
1347 1727
1347 1961
1348 1411
1348 1822
1348 1890
1349 1353
1350 1876
1351 1513
1351 1530
1352 1720
1352 1977
1354 1597
1355 1608
1355 1894
1355 1986
1358 1910
1358 1963
1359 1708
1361 1982
1366 1569
1366 1881
1367 1446
1368 1447
1368 1770
1370 1556
1370 1865
1372 1593
1372 1794
1374 1393
1374 1860
1376 1996
1379 1949
1380 1652
1380 1837
1380 1931
1382 1520
1383 1846
1383 1878
1384 1393
1385 1960
1386 1684
1386 1914
1387 1751
1388 1444
1388 1464
1388 1617
1389 1693
1389 1762
1390 1975
1392 1987
1394 1476
1394 1609
1394 1737
1394 1993
1396 1712
1397 1933
1397 1973
1398 1596
1398 1680
1400 1766
1401 1750
1403 1655
1403 1951
1404 1563
1409 1875
1409 1916
1410 1497
1410 1633
1411 1890
1412 1582
1417 1538
1417 1677
1418 1576
1419 1421
1419 1862
1421 1862
1424 1617
1424 1631
1424 1908
1425 1528
1425 1599
1425 1735
1426 1511
1426 1531
1426 1731
1427 1824
1427 1905
1427 1980
1428 1453
1428 1695
1428 1943
1428 1949
1430 1511
1430 1770
1430 1831
1432 1940
1433 1600
1433 1804
1435 1535
1435 1849
1437 1665
1437 1817
1437 1854
1438 1487
1438 1540
1439 1777
1440 1761
1441 1736
1442 1561
1443 1460
1443 1480
1443 1670
1443 1738
1443 1907
1444 1464
1445 1871
1446 1485
1446 1669
1449 1971
1450 1675
1452 1519
1453 1582
1453 1695
1453 1943
1455 1474
1455 1570
1455 1762
1456 1504
1457 1497
1457 1587
1459 1550
1459 1590
1460 1480
1460 1907
1461 1897
1462 1857
1465 1883
1467 1774
1470 1866
1474 1601
1476 1609
1478 1744
1479 1882
1480 1504
1480 1615
1480 1628
1481 1523
1481 1635
1481 1827
1482 1512
1482 1873
1483 1505
1483 1703
1483 1711
1484 1493
1486 1934
1487 1496
1493 1911
1496 1768
1498 1784
1498 1792
1500 1624
1500 1941
1501 1732
1503 1662
1503 1730
1503 1860
1504 1615
1505 1711
1506 1624
1509 1868
1511 1770
1514 1763
1514 1994
1516 1648
1518 1739
1521 1745
1521 1957
1524 1780
1525 1899
1526 1800
1527 1603
1527 1808
1532 1733
1534 1939
1534 1973
1535 1646
1535 1678
1535 1849
1536 1546
1536 1551
1536 1591
1537 1923
1538 1631
1538 1677
1539 1562
1539 1793
1540 1615
1541 1588
1543 1935
1543 1962
1544 1786
1545 1718
1545 1928
1546 1616
1549 1559
1549 1586
1549 1741
1549 1919
1550 1597
1551 1591
1551 1765
1552 1678
1554 1816
1555 1677
1556 1782
1560 1687
1563 1971
1564 1682
1564 1755
1565 1884
1565 1989
1566 1594
1566 1714
1566 1885
1568 1861
1569 1835
1570 1669
1570 1762
1570 1841
1570 1966
1571 1799
1572 1636
1574 1789
1574 1904
1577 1814
1579 1592
1579 1917
1580 1715
1581 1805
1581 1818
1581 1926
1583 1959
1587 1811
1589 1964
1590 1979
1592 1760
1593 1952
1594 1714
1594 1926
1595 1613
1595 1754
1595 1937
1598 1727
1599 1735
1599 1936
1602 1642
1604 1985
1608 1704
1608 1802
1608 1986
1608 1998
1609 1993
1611 1972
1613 1937
1615 1628
1617 1908
1618 1942
1619 1698
1619 1821
1620 1738
1621 1666
1621 1887
1622 1648
1623 1959
1624 1827
1624 1889
1624 1941
1626 1784
1626 1831
1626 1848
1630 1730
1635 1827
1637 1656
1638 1676
1640 1752
1640 1950
1641 1689
1642 1879
1646 1916
1647 1814
1649 1782
1649 1788
1649 1791
1650 1867
1653 1990
1655 1898
1656 1749
1656 1769
1656 1812
1658 1715
1659 1856
1660 1850
1661 1688
1661 1803
1661 1835
1661 1921
1661 1999
1669 1966
1670 1738
1671 1683
1671 1865
1674 1700
1674 1869
1678 1812
1681 1713
1682 1755
1682 1766
1683 1836
1683 1865
1684 1685
1685 1699
1685 1901
1688 1723
1689 1856
1689 1903
1690 1756
1696 1974
1697 1933
1697 1974
1703 1984
1705 1996
1708 1761
1716 1927
1718 1768
1721 1942
1725 1871
1726 1752
1727 1961
1728 1880
1729 1739
1735 1909
1738 1876
1741 1919
1742 1946
1745 1845
1746 1932
1747 1888
1749 1769
1749 1841
1751 1823
1757 1790
1759 1811
1761 1798
1770 1950
1772 1873
1774 1853
1779 1953
1782 1788
1782 1791
1784 1795
1786 1851
1792 1844
1796 1895
1802 1998
1803 1835
1803 1879
1805 1818
1806 1832
1810 1868
1810 1994
1817 1948
1818 1983
1827 1889
1830 1837
1830 1858
1830 1903
1833 1845
1846 1878
1848 1954
1856 1903
1859 1894
1861 1991
1869 1981
1872 1902
1875 1916
1880 1938
1904 1932
1907 1967
1912 1947
1921 1999
1923 1986
1923 1992
1925 1991
1984 1989
