28
210
0 5
0 8
0 9
0 12
0 13
0 14
0 17
0 18
0 19
0 20
0 23
0 24
0 25
0 26
0 27
1 4
1 7
1 9
1 11
1 13
1 14
1 16
1 18
1 19
1 20
1 22
1 24
1 25
1 26
1 27
2 3
2 6
2 9
2 10
2 13
2 14
2 15
2 18
2 19
2 20
2 21
2 24
2 25
2 26
2 27
3 7
3 8
3 11
3 12
3 14
3 16
3 17
3 19
3 20
3 22
3 23
3 25
3 26
3 27
4 6
4 8
4 10
4 12
4 14
4 15
4 17
4 19
4 20
4 21
4 23
4 25
4 26
4 27
5 6
5 7
5 10
5 11
5 14
5 15
5 16
5 19
5 20
5 21
5 22
5 25
5 26
5 27
6 11
6 12
6 13
6 16
6 17
6 18
6 20
6 22
6 23
6 24
6 26
6 27
7 10
7 12
7 13
7 15
7 17
7 18
7 20
7 21
7 23
7 24
7 26
7 27
8 10
8 11
8 13
8 15
8 16
8 18
8 20
8 21
8 22
8 24
8 26
8 27
9 10
9 11
9 12
9 15
9 16
9 17
9 20
9 21
9 22
9 23
9 26
9 27
10 16
10 17
10 18
10 19
10 22
10 23
10 24
10 25
10 27
11 15
11 17
11 18
11 19
11 21
11 23
11 24
11 25
11 27
12 15
12 16
12 18
12 19
12 21
12 22
12 24
12 25
12 27
13 15
13 16
13 17
13 19
13 21
13 22
13 23
13 25
13 27
14 15
14 16
14 17
14 18
14 21
14 22
14 23
14 24
14 27
15 22
15 23
15 24
15 25
15 26
16 21
16 23
16 24
16 25
16 26
17 21
17 22
17 24
17 25
17 26
18 21
18 22
18 23
18 25
18 26
19 21
19 22
19 23
19 24
19 26
20 21
20 22
20 23
20 24
20 25
