24
226
0 1
0 2
0 3
0 16
0 23
0 17
0 19
0 22
0 12
0 6
0 15
0 10
0 13
0 21
0 4
1 4
1 16
1 5
1 17
1 19
1 3
1 6
1 23
1 21
1 15
1 9
1 20
1 12
1 10
1 18
1 2
1 13
1 8
1 22
1 7
2 14
2 12
2 17
2 22
2 3
2 13
2 19
2 6
2 10
2 23
2 15
2 21
2 18
2 20
2 7
2 8
2 11
2 5
2 9
2 16
3 11
3 14
3 15
3 16
3 12
3 13
3 17
3 19
3 6
3 23
3 21
3 10
3 22
3 20
3 7
3 8
3 9
3 5
3 4
4 5
4 6
4 7
4 8
4 9
4 10
4 23
4 15
4 19
4 13
4 12
4 17
4 22
4 21
5 8
5 10
5 6
5 7
5 15
5 21
6 8
6 16
6 10
6 18
6 17
6 19
6 22
6 15
6 21
6 23
6 7
6 9
6 20
6 12
6 13
7 10
7 8
7 18
7 13
7 21
7 12
7 9
7 23
7 15
7 19
7 17
7 16
7 22
8 21
8 16
8 10
8 13
8 23
8 19
8 12
8 20
8 15
8 22
8 17
8 18
8 9
9 19
9 16
9 20
9 18
9 23
9 15
9 12
9 21
9 22
9 10
9 17
9 13
10 16
10 17
10 18
10 19
10 22
10 23
10 21
10 15
10 20
10 13
10 12
11 12
11 13
11 14
11 15
11 16
11 17
11 18
11 21
11 20
12 14
12 15
12 18
12 13
12 23
12 20
12 16
12 19
12 22
12 21
12 17
13 15
13 16
13 17
13 19
13 22
13 23
13 21
13 20
13 18
13 14
14 16
14 15
15 17
15 18
15 19
15 20
15 16
15 23
15 21
15 22
16 21
16 20
16 17
16 18
16 23
16 19
16 22
17 20
17 18
17 19
17 23
17 21
17 22
18 21
18 20
18 22
18 23
18 19
19 23
19 21
19 20
19 22
20 21
20 23
20 22
21 23
21 22
22 23
