25
280
0 1
0 2
0 3
0 11
0 12
0 10
0 7
0 6
0 8
0 9
0 5
0 14
0 17
0 4
0 13
0 22
0 15
0 20
0 16
0 19
0 23
1 4
1 5
1 2
1 6
1 15
1 16
1 8
1 9
1 11
1 14
1 7
1 12
1 17
1 13
1 3
1 10
1 18
1 22
1 19
1 23
1 20
1 21
1 24
2 7
2 12
2 9
2 10
2 5
2 11
2 14
2 8
2 13
2 17
2 3
2 6
2 23
2 19
2 22
2 24
2 4
2 21
2 18
2 15
2 16
3 6
3 8
3 11
3 14
3 7
3 12
3 17
3 4
3 10
3 5
3 22
3 24
3 13
3 9
3 23
3 19
3 20
3 16
3 15
3 18
4 7
4 12
4 6
4 8
4 13
4 9
4 10
4 11
4 14
4 15
4 17
4 5
4 19
4 16
4 23
4 18
4 20
5 9
5 8
5 10
5 18
5 12
5 17
5 13
5 11
5 14
5 7
5 6
5 21
5 22
5 24
5 15
5 16
5 19
5 20
5 23
6 8
6 7
6 12
6 17
6 10
6 11
6 18
6 9
6 14
6 21
6 23
6 22
6 24
6 20
6 16
6 19
6 15
6 13
7 8
7 9
7 10
7 11
7 12
7 17
7 15
7 13
7 14
7 21
7 18
7 23
7 22
7 24
7 16
7 19
7 20
8 12
8 9
8 14
8 19
8 16
8 18
8 13
8 10
8 17
8 11
8 23
8 22
8 20
8 24
8 15
9 12
9 13
9 14
9 15
9 19
9 18
9 17
9 11
9 10
9 23
9 22
9 24
9 20
9 16
10 14
10 11
10 15
10 12
10 17
10 13
10 19
10 23
10 22
10 24
10 20
10 16
11 12
11 14
11 16
11 17
11 21
11 18
11 23
11 22
11 13
11 20
11 15
11 24
11 19
12 13
12 14
12 15
12 17
12 23
12 22
12 24
12 20
12 16
12 18
12 21
12 19
13 14
13 18
13 23
13 22
13 24
13 20
13 17
13 15
13 19
13 16
14 15
14 16
14 17
14 21
14 18
14 22
14 19
14 24
14 20
15 19
15 20
15 21
15 18
15 23
15 22
15 24
15 17
15 16
16 19
16 20
16 21
16 24
16 17
17 21
17 18
17 22
17 20
17 19
17 23
18 21
18 19
18 20
18 24
18 22
18 23
19 21
19 23
19 22
19 20
20 21
20 23
20 24
21 22
21 23
21 24
22 23
22 24
23 24
