18
126
0 1
0 2
0 3
0 4
0 5
0 13
0 11
1 4
1 5
1 7
1 12
1 13
1 8
1 14
1 15
1 9
1 10
1 11
1 16
1 6
2 4
2 7
2 13
2 17
2 5
2 6
2 8
2 14
2 15
2 9
2 10
2 11
2 3
3 6
3 7
3 13
3 17
3 14
3 5
3 12
3 8
3 15
3 9
3 10
3 11
4 5
4 6
4 7
4 8
4 9
4 10
4 11
4 13
4 15
5 16
5 6
5 13
5 8
5 17
5 14
5 7
5 9
5 10
5 11
6 16
6 7
6 13
6 8
6 17
6 14
6 9
6 10
6 11
6 12
6 15
7 16
7 12
7 13
7 8
7 17
7 15
7 9
7 10
7 11
7 14
8 16
8 12
8 13
8 14
8 15
8 9
8 17
8 10
8 11
9 16
9 13
9 17
9 14
9 15
9 10
9 11
10 16
10 12
10 13
10 17
10 14
10 15
10 11
11 16
11 12
11 13
11 17
11 14
11 15
12 16
12 13
12 17
12 14
12 15
13 17
13 14
14 16
14 15
15 16
15 17
16 17
