775
2093
0 1
0 5
0 6
0 7
1 2
1 3
1 4
2 747
2 746
2 748
2 3
2 4
3 7
4 746
4 748
5 6
5 7
5 8
5 9
5 10
6 7
6 8
6 10
8 346
8 347
8 348
8 349
8 134
8 547
9 672
9 558
9 554
10 672
11 12
11 13
11 14
11 15
11 21
11 22
11 23
11 24
11 25
11 26
11 17
11 18
11 27
12 13
12 14
12 15
12 16
12 17
12 18
12 19
12 20
13 14
13 21
13 28
13 26
13 18
13 29
13 20
14 28
14 30
14 20
15 21
15 22
15 23
15 31
15 32
15 33
15 34
15 35
16 135
16 136
16 137
16 28
16 141
16 142
17 21
17 25
17 504
17 341
17 507
17 508
17 208
18 26
18 27
18 19
18 42
19 27
19 568
19 34
19 42
19 35
19 569
20 28
20 30
20 339
20 143
20 506
20 43
21 23
21 31
21 27
21 32
21 36
22 23
22 24
22 37
22 38
22 39
22 40
23 38
23 41
23 34
23 42
23 35
24 37
24 39
24 40
24 43
25 503
25 504
25 505
25 463
25 36
25 207
26 41
26 39
26 40
26 506
27 42
27 35
28 30
28 143
29 624
29 625
29 626
29 627
29 631
29 632
30 336
30 337
30 339
30 465
30 466
31 209
31 37
31 38
31 32
31 111
31 33
31 36
32 36
33 38
34 42
34 35
34 39
35 42
35 72
36 99
36 201
36 505
36 575
36 207
37 336
37 342
37 38
37 43
38 342
39 116
39 123
39 42
39 502
39 40
40 121
40 41
40 42
40 509
40 506
41 124
41 465
41 42
41 509
41 143
41 312
41 506
42 501
42 502
43 342
44 45
44 46
44 50
44 47
44 51
44 52
44 53
44 54
44 55
45 46
45 47
45 48
45 49
46 47
46 51
46 48
46 49
47 50
47 51
47 53
47 48
47 57
48 50
48 300
48 302
48 56
48 303
48 49
49 184
49 301
49 124
49 302
49 303
49 312
49 426
50 56
50 57
50 58
50 59
50 60
50 61
51 52
51 53
51 62
51 63
51 54
51 64
51 65
51 66
52 53
52 64
52 67
52 68
52 69
52 66
52 70
52 71
53 62
53 64
53 68
53 66
53 72
53 71
54 63
54 330
54 331
54 327
54 332
54 329
54 333
55 368
55 370
55 371
55 335
55 490
55 206
55 70
56 300
56 57
56 58
56 60
56 423
57 300
57 58
57 59
57 60
57 61
58 59
58 423
59 61
59 423
60 598
60 61
61 135
61 141
62 63
62 323
62 324
62 325
62 326
63 327
63 328
63 329
63 326
64 334
64 68
64 335
64 70
65 135
65 140
65 611
65 612
65 613
65 484
66 483
66 69
66 72
66 597
66 71
67 452
67 482
67 483
67 71
67 454
68 334
68 488
68 335
68 490
69 192
69 501
69 193
69 72
69 71
70 335
70 490
71 482
71 483
71 138
71 139
71 140
72 497
72 597
72 498
73 74
73 75
73 78
73 76
74 75
74 76
74 77
75 76
75 79
75 80
76 78
76 82
76 80
76 83
76 84
77 102
77 80
78 81
79 99
79 101
79 102
79 103
79 104
79 105
79 106
79 107
79 108
79 109
79 110
80 82
80 84
81 535
82 618
82 83
82 84
82 538
83 84
83 733
83 538
84 733
84 538
85 86
85 91
85 92
85 93
85 94
86 87
86 88
86 89
86 90
87 383
87 384
87 88
88 94
88 383
88 384
89 652
89 90
90 91
91 92
91 95
91 96
92 93
92 97
92 96
93 94
93 98
95 97
95 694
95 96
97 231
97 694
98 230
99 100
99 101
99 102
99 103
100 102
100 103
100 111
101 102
101 103
101 105
101 106
101 112
101 108
101 113
102 103
103 112
104 215
104 118
104 119
104 120
104 447
104 448
104 449
105 106
105 112
105 531
105 450
105 107
105 448
105 108
105 113
106 112
106 531
106 450
106 107
106 449
107 108
108 113
109 717
109 667
109 110
111 209
111 215
111 119
112 531
113 745
114 115
114 116
114 117
114 118
114 121
115 116
115 117
115 118
115 119
115 120
116 117
116 122
116 120
116 123
116 121
116 124
117 118
117 119
117 123
118 215
118 119
118 120
119 201
119 215
119 120
120 215
120 447
120 449
121 123
121 301
121 124
121 302
122 299
122 304
122 305
122 306
122 307
122 189
122 308
123 301
123 124
124 301
124 302
124 509
125 126
125 128
125 129
125 132
126 127
126 128
126 129
126 130
126 131
127 130
127 131
127 133
128 129
128 131
128 132
128 134
129 131
129 132
129 134
130 131
130 133
132 134
133 229
134 348
134 349
134 547
135 136
135 137
135 138
135 139
135 140
136 137
136 141
136 140
137 142
137 140
138 482
138 483
138 139
138 140
139 482
139 483
139 140
139 484
140 484
141 142
141 144
141 145
142 144
142 146
143 465
143 466
143 509
143 506
144 145
144 146
144 539
144 540
144 541
144 542
144 543
145 542
145 544
145 545
145 543
145 546
146 202
147 148
147 152
147 153
147 149
148 149
148 150
148 151
149 157
149 151
150 474
150 480
150 481
150 157
151 481
151 157
152 153
152 154
153 155
153 154
153 156
154 586
154 155
154 587
155 586
155 590
155 156
156 590
157 481
158 159
158 160
158 167
158 161
158 162
158 163
158 166
158 168
158 169
159 160
159 161
159 162
159 163
159 164
159 165
159 166
160 167
160 161
160 162
160 164
160 165
160 166
161 167
161 163
161 166
161 168
161 169
162 167
162 163
162 170
162 171
162 164
162 165
163 172
163 166
163 168
163 173
163 169
163 174
164 429
164 170
164 171
164 165
164 168
164 169
165 428
165 429
165 170
165 171
165 168
165 436
166 167
168 433
168 468
168 206
168 169
169 172
169 206
169 469
169 173
170 428
170 427
170 171
170 430
170 436
171 428
171 427
171 429
172 387
172 388
172 389
172 173
172 395
173 468
173 174
173 395
174 679
174 688
174 395
175 176
175 179
175 184
175 185
175 186
175 187
175 188
175 189
176 177
176 178
176 179
176 180
176 181
176 182
176 183
177 178
177 180
177 181
177 182
177 183
177 190
178 180
178 182
178 191
179 192
179 193
179 186
179 194
179 188
179 189
180 181
180 195
180 196
180 197
180 191
181 195
181 568
181 182
182 568
182 597
183 196
183 197
183 190
184 300
184 299
184 186
184 309
184 307
184 194
184 310
184 311
184 312
184 313
185 187
185 571
185 312
185 599
185 600
186 463
186 309
186 307
186 194
186 601
187 193
187 503
187 505
187 581
187 602
187 571
187 502
187 211
188 497
188 192
188 307
188 194
188 189
188 308
189 196
189 307
189 308
189 197
190 646
190 197
190 632
190 649
191 763
191 576
192 497
192 501
192 193
192 499
193 501
193 502
193 211
193 212
194 462
194 463
194 307
195 497
195 196
195 498
195 576
196 606
196 607
196 308
196 608
196 197
196 498
197 308
198 199
198 204
198 205
198 206
198 207
198 208
199 200
199 201
199 202
199 203
199 204
199 205
200 201
200 202
200 209
200 203
200 210
200 205
200 211
200 212
201 202
201 209
201 207
202 209
202 210
203 210
203 216
204 335
204 639
204 490
204 508
204 208
205 212
205 641
206 370
206 491
206 335
206 490
206 469
206 470
207 691
207 583
207 508
207 208
208 583
208 508
209 213
209 214
209 215
210 217
210 218
210 219
211 212
211 584
212 641
213 367
213 373
213 368
213 214
213 305
214 367
214 373
214 368
214 305
214 306
215 447
216 700
217 697
217 698
217 218
218 219
220 221
220 224
220 225
220 226
221 222
221 223
222 557
223 492
224 225
224 226
224 227
224 228
224 229
225 226
225 228
227 549
227 552
227 558
227 554
228 557
228 229
230 231
230 232
231 694
231 232
231 555
231 695
232 553
232 555
233 234
233 236
233 237
233 241
234 235
234 236
234 237
234 238
234 239
234 240
235 236
235 237
235 239
237 238
237 239
237 241
238 239
238 240
238 242
238 243
239 240
239 243
240 244
240 242
240 243
241 752
242 244
242 243
243 244
244 592
244 593
244 595
245 246
245 247
245 248
245 252
245 253
246 247
246 248
246 249
246 250
246 251
247 248
247 252
247 253
248 252
248 254
248 253
249 250
249 255
249 256
249 257
249 258
249 259
250 255
250 260
250 261
250 257
251 257
251 262
251 263
252 709
252 254
252 253
252 710
252 711
253 709
253 254
253 710
254 710
255 260
255 261
255 256
255 290
255 257
256 290
256 295
256 258
256 259
257 259
257 298
258 295
258 259
259 290
259 296
260 261
260 291
260 292
261 290
261 293
261 294
262 702
262 263
262 705
262 706
263 298
264 265
264 266
264 267
264 268
264 270
264 271
265 266
265 267
265 268
265 269
266 268
266 272
266 273
266 274
266 270
267 268
267 269
267 271
267 275
267 276
268 273
269 277
269 275
270 272
270 271
271 766
272 452
272 451
272 456
272 453
272 274
273 660
274 456
275 277
275 770
275 276
275 772
276 766
276 774
277 619
277 733
278 279
278 281
278 282
279 280
280 282
280 577
280 578
281 283
281 284
281 285
281 286
282 283
282 287
282 288
282 289
283 559
283 287
283 288
283 560
284 702
284 285
284 286
284 703
285 702
285 286
285 703
285 705
285 704
286 287
286 703
287 559
287 288
287 562
287 289
287 333
288 559
288 563
289 329
289 577
289 333
290 296
290 297
291 708
292 294
292 738
292 739
293 520
293 519
293 523
293 297
294 519
294 738
294 525
296 315
296 316
296 318
296 319
296 297
297 523
297 319
298 320
299 300
299 304
299 301
299 303
300 301
300 302
300 303
301 304
301 302
301 303
301 509
301 311
302 303
302 311
302 312
303 311
303 312
303 426
304 306
304 307
304 314
305 367
305 373
305 337
305 306
305 377
305 378
305 379
306 373
306 374
307 462
307 463
307 309
307 464
308 608
308 498
309 336
309 337
309 338
309 575
309 463
309 341
309 312
310 574
310 575
310 657
310 658
310 509
310 693
311 467
311 509
311 312
312 467
312 509
312 341
313 574
313 657
313 658
313 691
313 692
313 693
313 599
313 600
314 643
314 572
314 736
314 737
314 645
315 316
315 317
316 320
316 318
317 318
317 321
318 319
318 321
318 322
319 523
319 322
319 585
321 322
321 586
321 587
322 588
322 589
322 586
322 585
323 569
323 515
324 325
324 326
325 712
326 327
327 331
328 329
328 673
329 333
329 673
330 414
330 634
330 661
330 331
330 332
330 636
330 333
331 636
332 661
332 662
332 663
332 611
332 612
333 561
334 488
334 489
334 490
335 638
335 491
335 489
335 639
335 490
335 640
336 337
336 338
336 339
336 340
336 341
337 462
337 338
337 339
337 340
337 341
338 462
338 339
338 340
338 463
339 465
339 466
339 467
340 462
340 463
340 464
341 467
341 507
343 344
343 345
343 346
343 347
344 345
344 346
345 346
345 347
346 347
346 348
346 349
347 348
347 349
348 349
349 547
350 351
350 352
350 353
350 358
350 359
350 360
350 361
350 362
350 363
351 352
351 353
351 354
351 355
351 356
351 357
352 353
352 354
352 356
352 363
353 354
353 362
353 363
354 355
354 356
354 357
355 356
355 357
355 364
355 365
356 357
356 365
357 364
357 365
357 366
358 439
358 570
358 359
358 360
358 362
358 363
359 439
359 570
359 527
359 360
359 361
359 363
360 521
360 527
360 525
361 439
361 627
361 527
361 685
362 363
364 365
364 366
364 485
365 366
365 486
366 485
366 486
367 368
367 369
367 370
367 371
367 372
368 369
368 370
368 371
368 375
368 376
369 482
369 370
369 371
370 482
370 371
370 470
372 393
372 437
372 438
372 399
372 377
372 471
373 374
374 400
374 473
374 512
375 376
375 684
375 687
375 407
375 688
376 684
376 687
377 393
377 399
377 378
378 394
378 379
379 394
379 683
380 381
380 382
380 383
380 385
381 382
381 383
381 384
382 383
382 386
383 384
385 677
386 751
387 388
387 389
387 390
387 391
387 392
387 393
387 394
388 389
388 390
389 396
389 397
389 395
390 391
390 392
390 398
391 392
391 399
391 400
391 398
391 401
392 393
392 399
393 394
393 399
394 396
394 397
395 679
395 396
396 680
396 683
396 397
397 683
398 401
399 510
399 511
400 510
400 511
400 512
400 513
400 401
402 403
402 404
403 404
403 405
403 406
404 407
404 408
404 409
404 410
405 408
405 406
407 688
408 409
408 410
409 679
409 681
409 410
410 679
410 681
411 412
411 413
411 417
411 418
411 419
411 420
411 415
412 413
412 414
412 415
412 416
413 418
413 421
413 422
414 561
414 415
414 633
414 634
414 635
414 636
415 637
415 633
415 421
415 635
416 635
417 419
417 420
417 423
418 422
418 424
418 425
418 426
419 603
419 420
420 603
420 605
421 637
421 633
422 761
422 424
422 425
422 426
422 768
424 668
424 425
424 426
424 768
425 761
425 762
425 768
427 428
427 429
427 433
427 430
427 434
427 432
427 435
428 429
428 430
428 431
428 432
429 433
430 439
431 444
431 443
431 445
431 432
432 744
432 435
433 434
433 437
433 438
434 437
434 440
434 441
434 442
435 744
435 742
435 754
436 526
436 685
437 468
437 438
437 440
437 471
438 468
438 440
438 472
438 469
438 471
439 570
440 472
440 473
441 442
441 712
442 514
443 444
443 445
443 446
444 445
446 753
447 450
447 448
447 449
448 531
448 450
448 449
450 531
450 635
451 452
451 456
451 453
452 453
452 454
452 455
453 454
453 460
453 455
453 461
454 460
454 455
455 532
455 460
455 461
456 457
456 458
456 459
457 650
457 458
457 459
458 731
458 732
458 729
458 459
460 532
460 534
460 461
461 532
461 534
462 463
462 464
463 575
463 464
464 505
464 575
464 658
465 466
465 503
465 506
466 503
466 504
466 467
466 506
467 507
468 469
468 470
469 470
469 471
470 491
470 471
471 472
472 510
472 473
472 514
473 510
473 512
473 513
473 515
473 516
473 517
473 518
473 514
474 475
474 476
474 480
474 481
475 476
475 477
475 478
475 479
476 480
476 481
476 478
476 479
477 719
477 722
477 478
477 479
478 721
478 722
478 479
479 721
479 722
480 481
482 483
484 611
484 613
484 696
485 487
485 486
486 640
487 697
487 640
488 491
488 489
489 638
489 491
489 490
490 491
490 639
490 640
491 638
492 493
493 494
494 495
494 496
495 654
495 655
495 496
497 498
497 499
497 500
498 597
498 569
498 500
498 755
499 641
499 500
500 755
501 502
502 602
503 504
503 505
503 571
504 571
504 507
504 572
504 573
505 574
505 575
507 572
507 508
507 573
508 581
508 571
508 639
508 583
508 599
508 573
510 511
511 512
513 517
513 514
514 517
514 518
515 597
515 569
515 516
515 517
515 518
516 517
516 518
517 518
519 520
519 521
519 525
520 521
520 522
520 523
520 524
521 522
521 526
521 527
521 525
522 524
522 526
522 528
523 524
523 529
524 529
524 530
525 738
526 609
526 528
526 527
526 685
528 609
528 686
529 591
529 585
529 530
530 591
530 725
530 686
532 533
532 534
533 534
533 535
533 536
533 537
534 536
534 537
535 536
535 537
536 537
536 538
538 733
539 579
539 580
539 581
539 540
539 541
539 542
540 579
540 541
540 542
540 546
541 579
541 580
541 581
541 582
542 544
542 543
542 546
543 689
543 544
543 545
543 546
544 689
544 545
544 546
545 689
545 608
545 670
545 690
548 549
548 550
548 552
548 553
548 554
548 555
548 556
549 550
549 551
549 552
550 552
550 553
551 557
552 558
552 554
553 555
554 558
555 695
556 695
558 672
559 560
559 561
560 564
560 565
560 566
561 567
561 562
562 567
562 707
563 610
564 603
564 604
564 565
564 566
565 594
565 596
565 566
566 604
566 675
567 603
568 597
568 569
569 597
571 581
571 638
571 602
571 599
571 573
571 584
572 643
572 736
572 737
572 645
572 659
573 581
573 639
573 599
573 584
574 575
574 657
574 658
575 657
575 658
576 755
577 578
577 673
579 580
579 582
579 583
580 582
580 583
581 582
581 583
581 584
582 583
585 589
585 591
586 588
586 590
586 587
588 589
588 590
589 591
591 724
591 725
592 593
592 594
593 594
593 595
593 596
594 595
594 596
595 596
598 643
598 642
598 644
598 647
599 600
600 691
600 692
600 693
601 614
601 616
601 618
601 664
601 620
602 638
603 604
604 605
605 674
606 609
606 607
607 610
608 689
608 670
608 690
611 662
611 663
611 612
611 613
611 696
612 662
612 663
612 613
613 663
614 615
614 616
614 617
614 618
614 619
615 616
615 617
615 618
615 619
616 618
616 619
616 620
617 619
617 621
618 622
620 622
620 664
620 668
621 729
622 664
622 665
623 624
623 625
623 628
623 629
623 627
624 625
624 626
624 627
625 626
625 629
625 627
626 627
626 630
626 631
626 632
627 629
627 630
627 631
628 629
629 659
630 644
630 631
630 632
630 649
631 646
631 632
631 649
632 646
632 649
633 637
633 636
634 635
634 661
638 639
640 697
642 643
642 644
642 646
642 647
642 648
643 644
643 645
644 646
644 647
645 736
645 737
646 649
647 648
648 650
648 651
650 651
651 670
651 671
652 653
653 734
653 735
653 678
654 655
654 656
656 773
657 658
657 691
657 692
657 693
659 736
660 767
661 662
661 663
662 663
664 665
664 666
664 667
664 668
664 669
665 666
665 668
665 669
666 718
666 717
666 667
666 668
666 669
667 718
667 717
667 668
668 669
670 689
670 690
670 671
674 675
674 676
675 676
675 730
676 725
676 726
677 678
678 734
678 735
679 680
679 681
680 681
680 682
680 683
682 683
682 684
684 687
686 725
686 730
689 690
691 692
691 693
692 693
694 695
696 714
696 713
697 698
697 699
698 699
700 701
701 745
702 703
702 704
703 705
703 706
703 707
703 704
704 705
706 769
707 769
708 709
709 710
709 711
710 711
713 714
713 715
713 716
715 757
715 756
715 758
715 716
717 718
719 720
719 721
719 722
720 721
720 722
720 723
721 722
722 723
723 742
723 754
724 725
724 726
725 726
726 727
726 728
727 773
727 728
729 731
729 732
731 732
733 770
733 771
734 735
736 737
738 740
739 741
739 740
739 742
739 743
740 741
740 752
741 752
742 744
742 754
742 743
744 753
744 754
746 747
746 749
747 748
748 750
748 749
749 750
750 751
756 757
756 758
756 759
756 760
757 758
758 759
758 761
758 760
759 761
759 760
760 761
760 762
761 762
762 768
763 764
764 765
765 767
770 771
771 772
772 774
